"Data","R.lowerCI","R.medio","R.upperCI","Consolidato"
2020-02-29,0.260829433715565,2.15375261660937,5.99997076602447,"Si"
2020-03-01,1.59051076231318,4.89844193334188,10.0335654863274,"Si"
2020-03-02,1.24447473082324,3.83272301633665,7.85063452801451,"Si"
2020-03-03,1.33194734992408,3.6294586294844,7.05828809283121,"Si"
2020-03-04,1.05573453308197,2.87679900542422,5.59457435345917,"Si"
2020-03-05,0.871125749784891,2.37375363981396,4.61629095730836,"Si"
2020-03-06,0.747736144103659,2.03752603355463,3.96242172996343,"Si"
2020-03-07,0.663073774903666,1.80682730022781,3.51377682484068,"Si"
2020-03-08,0.169515292681393,0.821995786175084,1.97955427310006,"Si"
2020-03-09,0.16681616370446,0.808907452902687,1.94803456643868,"Si"
2020-03-10,0.299525651766922,1.09931248029399,2.40949317592828,"Si"
2020-03-11,0.615078251593414,1.67604302691179,3.25943776953999,"Si"
2020-03-12,1.30564074736918,2.72270055693754,4.65168038723473,"Si"
2020-03-13,1.16287334119922,2.42498244644296,4.14303484706196,"Si"
2020-03-14,2.10311391273878,3.61026758835051,5.51797494556844,"Si"
2020-03-15,2.09055983364062,3.4225129653758,5.07744405212594,"Si"
2020-03-16,2.30309504688343,3.52568584200637,5.00443058408442,"Si"
2020-03-17,1.7996892790491,2.75504869837672,3.91057246296011,"Si"
2020-03-18,1.46330648939839,2.240098157985,3.17964113523846,"Si"
2020-03-19,1.18219043571308,1.82677186997112,2.60936807032767,"Si"
2020-03-20,1.25278830915144,1.87062707299576,2.6103501612395,"Si"
2020-03-21,0.885642336250724,1.38226354673874,1.98765425497298,"Si"
2020-03-22,0.864020535647416,1.33512195828757,1.90709341720048,"Si"
2020-03-23,0.81573758121718,1.26051304563886,1.80052175511851,"Si"
2020-03-24,0.780557487171512,1.20615124043038,1.72287114034381,"Si"
2020-03-25,0.717048382975918,1.11913105377449,1.60927748268811,"Si"
2020-03-26,0.59233613531179,0.956899924833445,1.40748030920459,"Si"
2020-03-27,0.553299143646592,0.905821236201615,1.34382446306854,"Si"
2020-03-28,0.55650233468466,0.911065268293857,1.35160420848522,"Si"
2020-03-29,0.491574723897587,0.829433272296922,1.25422507200065,"Si"
2020-03-30,0.430315265457904,0.752843774683798,1.16409498510705,"Si"
2020-03-31,0.444132080675205,0.77701652465871,1.20147243042611,"Si"
2020-04-01,0.614689665024415,1.0063253461466,1.49292659954454,"Si"
2020-04-02,0.748752709115197,1.181157776038,1.71053545596445,"Si"
2020-04-03,0.627690526188505,1.0276094133037,1.52450242154585,"Si"
2020-04-04,0.629108102318743,1.02993016615041,1.52794535744039,"Si"
2020-04-05,0.590344487104655,0.980532283026606,1.46810249063752,"Si"
2020-04-06,0.513980284520402,0.882313768653035,1.34853861948275,"Si"
2020-04-07,0.442156758300115,0.789999562807829,1.23711936111811,"Si"
2020-04-08,0.296819448849107,0.594594533574539,0.994073197552114,"Si"
2020-04-09,0.23314367745136,0.509867039369757,0.893014513191693,"Si"
2020-04-10,0.248732821188952,0.543959280903754,0.95272589699624,"Si"
2020-04-11,0.224421405022886,0.519820057346644,0.937149491701521,"Si"
2020-04-12,0.24301981061238,0.562898943957753,1.01481359126847,"Si"
2020-04-13,0.263507220617532,0.610353270530018,1.10036588460097,"Si"
2020-04-14,0.339684575750344,0.742863674669167,1.30110007429091,"Si"
2020-04-15,0.304989231019143,0.706436712408569,1.27358842083214,"Si"
2020-04-16,0.265166453084457,0.659532952079086,1.23045049352455,"Si"
2020-04-17,0.221851625839246,0.604529374162794,1.17564158157276,"Si"
2020-04-18,0.175932991710293,0.541836977449068,1.10985429043147,"Si"
2020-04-19,0.19086324573614,0.587819050710421,1.20404018658848,"Si"
2020-04-20,0.139248366823117,0.511066303023443,1.12016445883755,"Si"
2020-04-21,0.0866186695690315,0.420022171826456,1.01150966832174,"Si"
2020-04-22,0.0961598607362266,0.466288315785904,1.12292914822073,"Si"
2020-04-23,0.107283841205939,0.520229555699776,1.25283201848323,"Si"
2020-04-24,0.21091609739309,0.774099636513109,1.69668572412468,"Si"
2020-04-25,0.230967803007227,0.84769296684314,1.85798892990346,"Si"
2020-04-26,0.141425438614112,0.685785410625219,1.65152846628301,"Si"
2020-04-27,0.0600296519323526,0.495684164481389,1.3808876995129,"Si"
2020-04-28,0.0663085701426461,0.547531213843321,1.52532433447145,"Si"
2020-04-29,0.073821638725193,0.609569040203331,1.69815065708493,"Si"
2020-04-30,0.0823680346265663,0.680139382947835,1.89474704895928,"Si"
2020-05-01,0.00959037086910866,0.378799415615271,1.39734538149354,"Si"
2020-05-02,0.105007713517652,0.867082501123848,2.41553724339273,"Si"
2020-05-03,0.300490518871687,1.45710712226027,3.50904795224884,"Si"
2020-05-04,0.561197095392496,2.05969327578586,4.51447334718168,"Si"
2020-05-05,1.1174621846991,3.0450023190555,5.92168304017454,"Si"
2020-05-06,2.1637762327881,4.51220197130886,7.7090083812918,"Si"
2020-05-07,1.92978223473723,3.8657775702135,6.46300235413388,"Si"
2020-05-08,2.07678009996897,3.79869169824976,6.03188717307968,"Si"
2020-05-09,2.06471009736876,3.54434246225079,5.41721421656444,"Si"
2020-05-10,1.60216710108205,2.75032746496622,4.20363246557195,"Si"
2020-05-11,1.30317186529803,2.23706339387434,3.41915369344873,"Si"
2020-05-12,1.10782931313618,1.90173258729089,2.9066301909872,"Si"
2020-05-13,0.754225126997703,1.37957250677641,2.19060307310332,"Si"
2020-05-14,0.630211814191638,1.18358997625874,1.90845553457825,"Si"
2020-05-15,0.538787985146335,1.04271873308352,1.7102358552576,"Si"
2020-05-16,0.293557557182385,0.679957895253025,1.2258514978576,"Si"
2020-05-17,0.243213122185809,0.604929720911895,1.12858056795691,"Si"
2020-05-18,0.253530135031847,0.630590621300445,1.1764545482453,"Si"
2020-05-19,0.154311737548853,0.475248017131813,0.973458942053047,"Si"
2020-05-20,0.111521484535752,0.409303707538426,0.897119343111833,"Si"
2020-05-21,0.122150251788863,0.448313176084971,0.982621008875104,"Si"
2020-05-22,0.0765589964909571,0.3712418597397,0.894035495268106,"Si"
2020-05-23,0.0856095987228555,0.415129091264882,0.999726008724949,"Si"
2020-05-24,0.169530790077936,0.62220818893935,1.36376727466528,"Si"
2020-05-25,0.188266877716658,0.690972967019716,1.51448717141798,"Si"
2020-05-26,0.206796836710141,0.758981216265504,1.66354889445121,"Si"
2020-05-27,0.224686881616934,0.824640866859842,1.80746291605731,"Si"
2020-05-28,0.241529590248368,0.886456606818229,1.94295178411316,"Si"
2020-05-29,0.145888977453413,0.707429535230719,1.70365247965502,"Si"
2020-05-30,0.275977798887975,1.01288766692242,2.22006569122077,"Si"
2020-05-31,0.165093483557337,0.800554012930027,1.9279175681875,"Si"
2020-06-01,0.0686622829193786,0.566966578094285,1.57946779386113,"Si"
2020-06-02,0.0746486767165974,0.616398159189822,1.71717536491844,"Si"
2020-06-03,0.0819896771877051,0.677015163750819,1.88604353133883,"Si"
2020-06-04,0.0903845935475138,0.746334691146917,2.07915537467857,"Si"
2020-06-05,0.0995724838552351,0.82220205975438,2.29050833612342,"Si"
2020-06-06,0.0114234358329387,0.451201614295642,1.66442836463824,"Si"
2020-06-07,0.0129366842358988,0.510971733568966,1.88491312959554,"Si"
2020-06-08,0.0149046340624931,0.588701599749144,2.17164923591862,"Si"
2020-06-09,0.0173568602411245,0.685559360111062,2.52894583808919,"Si"
2020-06-10,0.0203403845845686,0.80340227705298,2.96365415320909,"Si"
2020-06-11,0.0239061750424036,0.944243477051322,3.48320036217572,"Si"
2020-06-12,0.0280988390932078,1.10984486139731,4.09408390646246,"Si"
2020-06-13,0.0329460157954822,1.30129811458898,4.80033187858449,"Si"
2020-06-14,0.367815170265957,3.03716829080264,8.46100931730986,"Si"
2020-06-15,0.377070363057128,3.11359139768615,8.67391046650111,"Si"
2020-06-16,0.360900706123247,2.9800733340423,8.30195294806503,"Si"
2020-06-17,0.857371220483657,4.15747464006069,10.0121519203072,"Si"
2020-06-18,0.723919911968424,3.51035654514491,8.45374321367418,"Si"
2020-06-19,0.608548794882676,2.95091101907641,7.10647014935737,"Si"
2020-06-20,0.523004107614204,2.53609668963115,6.10750215924458,"Si"
2020-06-21,0.461538995963789,2.23804651389637,5.38972901624657,"Si"
2020-06-22,0.417206446175999,2.02307376105776,4.87202535080332,"Si"
2020-06-23,0.384796153361207,1.86591316686564,4.49354661523265,"Si"
2020-06-24,0.141232831271503,1.16620496225843,3.24883908522365,"Si"
2020-06-25,0.139905353665484,1.15524355224145,3.21830255138542,"Si"
2020-06-26,0.142127199056738,1.17359004503157,3.26941260903593,"Si"
2020-06-27,0.146243078403021,1.20757618603348,3.36409193798432,"Si"
2020-06-28,0.0158217153198923,0.624924374563152,2.30527068570101,"Si"
2020-06-29,0.0172318190699921,0.680620497662543,2.51072696987616,"Si"
2020-06-30,0.019278110896032,0.761444707535282,2.8088777370707,"Si"
2020-07-01,0.0219228199467299,0.865905135244465,3.19421966261506,"Si"
2020-07-02,0.0251754395893417,0.994376748767645,3.66813595817758,"Si"
2020-07-03,0.0290583429194555,1.14774323817791,4.2338864499127,"Si"
2020-07-04,0.033588335501514,1.32666838781446,4.89391975823123,"Si"
2020-07-05,0.0387626987496921,1.53104481927286,5.64783977714324,"Si"
2020-07-06,0.0445475705840085,1.75953505183589,6.4907127015107,"Si"
2020-07-07,0.0508694751831804,2.00923694558177,7.41183288700323,"Si"
2020-07-08,0.0576119761565229,2.27555150873536,8.39423520735183,"Si"
2020-07-09,0.0646193609759287,2.55232842495788,9.41523188697811,"Si"
2020-07-10,0.686013007101782,5.66463028357734,15.780649940803,"Si"
2020-07-11,0.611668902334433,5.0507470730392,14.0704807744014,"Si"
2020-07-12,0.511725692678669,4.22548381098276,11.7714444744907,"Si"
2020-07-13,0.429904060702419,3.54985625065048,9.88926655885995,"Si"
2020-07-14,0.370162934640842,3.05655453718426,8.51501594307351,"Si"
2020-07-15,0.327422742418487,2.70363500842561,7.5318450631028,"Si"
2020-07-16,0.296614757240485,2.44924355518977,6.82315583353639,"Si"
2020-07-17,0.0286489943706039,1.13157483413971,4.17424315645037,"Si"
2020-07-18,0.029202110759999,1.15342176455874,4.25483384920857,"Si"
2020-07-19,0.0311445773835833,1.23014509798435,4.53785697753345,"Si"
2020-07-20,0.0340752585755114,1.3459008219296,4.96486588929115,"Si"
2020-07-21,0.0378308847330052,1.49424013155009,5.51207172078763,"Si"
2020-07-22,0.042320982142992,1.67158950606043,6.16629218461879,"Si"
2020-07-23,0.0474684894135603,1.87490518306385,6.91629920821595,"Si"
2020-07-24,0.0531825839933322,2.10059986339784,7.74885967740285,"Si"
2020-07-25,0.567750496510201,4.68809865520611,13.0602069441743,"Si"
2020-07-26,0.527797610143765,4.35819480836248,12.1411536502185,"Si"
2020-07-27,0.460170236613404,3.79977381031566,10.585492318654,"Si"
2020-07-28,0.398656472429346,3.2918348531143,9.1704649517083,"Si"
2020-07-29,0.350643069845953,2.89537272852498,8.06599216359545,"Si"
2020-07-30,0.314739332919484,2.59890401236098,7.24008318207782,"Si"
2020-07-31,0.288064859347247,2.37864429537086,6.62647888384878,"Si"
2020-08-01,0.0280275310922765,1.10702834580577,4.08369411996463,"Si"
2020-08-02,0.0286805318790492,1.13282049918563,4.17883826464496,"Si"
2020-08-03,0.0306679531055905,1.21131944458306,4.46841141149115,"Si"
2020-08-04,0.033618866272491,1.32787428885439,4.89836818180113,"Si"
2020-08-05,0.0373825114299529,1.47653033205518,5.44674240529439,"Si"
2020-08-06,0.0418751195052563,1.65397887254854,6.10132868048285,"Si"
2020-08-07,0.0470239965919758,1.8573486543999,6.85153529034196,"Si"
2020-08-08,0.0527415123094962,2.08317846245707,7.68459422941053,"Si"
2020-08-09,0.0589129492237021,2.32693720010273,8.58379082847238,"Si"
2020-08-10,0.0653940480514669,2.58292693001089,9.52810608359474,"Si"
2020-08-11,0.0720168556402742,2.84451385700381,10.4930687240437,"Si"
2020-08-12,0.0786022217583463,3.10462192489651,11.4525760315424,"Si"
2020-08-13,2.07649617058331,10.0691275414088,24.2487671910519,"Si"
2020-08-14,3.80481831685491,11.7180480847067,24.0022857124336,"Si"
2020-08-15,3.68266690954718,9.15968121202727,17.0886598347175,"Si"
2020-08-16,2.60598635647682,6.03616209037728,10.8822007825158,"Si"
2020-08-17,1.70236472205572,3.94313246258157,7.10881492700051,"Si"
2020-08-18,1.25406229972143,2.9047440305036,5.23677252009954,"Si"
2020-08-19,1.00335684968304,2.3240430879942,4.18986487309358,"Si"
2020-08-20,0.541687724947163,1.47605923605563,2.87052488917473,"Si"
2020-08-21,0.244225816882274,0.896352238697733,1.96464121083447,"Si"
2020-08-22,0.135149365657268,0.65535213559351,1.578238164013,"Si"
2020-08-23,0.138293631139354,0.670598978140916,1.61495605578765,"Si"
2020-08-24,0.145008408256534,0.703159571395477,1.69336942796766,"Si"
2020-08-25,0.271241108394543,0.995503169320953,2.18196203180768,"Si"
2020-08-26,0.423020223733796,1.30281419760759,2.66857742647462,"Si"
2020-08-27,0.430247199357583,1.32507177755337,2.71416802221753,"Si"
2020-08-28,0.584395356420341,1.59243439277935,3.09684221824733,"Si"
2020-08-29,0.569313663510129,1.55133788811397,3.01692094095814,"Si"
2020-08-30,0.404785597561652,1.24665534625186,2.5535462552609,"Si"
2020-08-31,0.396667084892366,1.22165201786334,2.50233149428664,"Si"
2020-09-01,0.391827959090092,1.20674851811203,2.47180439143128,"Si"
2020-09-02,0.261084065346553,0.958225012609932,2.10025508695214,"Si"
2020-09-03,0.394167412425953,1.21395354720898,2.48656258031234,"Si"
2020-09-04,0.26574584826822,0.975334586083784,2.13775616264016,"Si"
2020-09-05,0.403363430316865,1.24227536729594,2.54457466668622,"Si"
2020-09-06,0.703177853935272,1.74897299582181,3.26295248643165,"Si"
2020-09-07,0.677749539902106,1.68572664310408,3.14495761495505,"Si"
2020-09-08,0.503684693525292,1.37250376868033,2.66913829218065,"Si"
2020-09-09,0.48526870552629,1.322321554971,2.571547836508,"Si"
2020-09-10,0.739525631982551,1.7129393534778,3.08814602618684,"Si"
2020-09-11,0.835470428387404,1.8271086673227,3.20011773876256,"Si"
2020-09-12,0.531887224752964,1.32293186952553,2.46811348337582,"Si"
2020-09-13,0.397802672201829,1.08398304297627,2.10804568563363,"Si"
2020-09-14,0.612848853841069,1.41952202070922,2.5591631591846,"Si"
2020-09-15,0.594574885301285,1.37719461716528,2.48285385915736,"Si"
2020-09-16,0.575911246258114,1.3339646324108,2.40491735465671,"Si"
2020-09-17,0.262716229067765,0.809111276407442,1.65731697711918,"Si"
2020-09-18,0.265107394548693,0.816475568142444,1.67240138648629,"Si"
2020-09-19,0.471915724706756,1.17376827810588,2.18982804805432,"Si"
2020-09-20,0.372673378894156,1.01550756573344,1.97487991767372,"Si"
2020-09-21,0.278678098844984,0.85827051135506,1.75801070990539,"Si"
2020-09-22,0.286599192005284,0.88266582876737,1.80798007121394,"Si"
2020-09-23,0.401858759632566,1.09503558309977,2.12953980371382,"Si"
2020-09-24,0.524282808635881,1.30401785173709,2.43282675138016,"Si"
2020-09-25,0.642976564838065,1.48930586533217,2.68497187624564,"Si"
2020-09-26,0.40008331328216,1.09019762229146,2.1201313148308,"Si"
2020-09-27,0.508012932445852,1.26355074381769,2.35732973071733,"Si"
2020-09-28,0.501725282630189,1.24791184154961,2.32815318244436,"Si"
2020-09-29,0.607353445620868,1.40679318401079,2.53621517425541,"Si"
2020-09-30,0.48216386379013,1.19925787282781,2.23738243378512,"Si"
2020-10-01,0.693349986916603,1.51630234600714,2.65575119945928,"Si"
2020-10-02,0.668716593585259,1.46243103598586,2.56139746019205,"Si"
2020-10-03,0.856643559624015,1.71604515724713,2.8689710387232,"Si"
2020-10-04,1.0155033053418,1.90719930346257,3.07522464641188,"Si"
2020-10-05,1.13279866345008,2.02396646002962,3.16948035395991,"Si"
2020-10-06,1.11504303805013,1.95078649791165,3.0164303081171,"Si"
2020-10-07,1.17171241970667,1.97702855582689,2.989557889223,"Si"
2020-10-08,1.20383823275573,1.97083665988479,2.92382029744772,"Si"
2020-10-09,1.14713033534007,1.8531520638755,2.72575529810037,"Si"
2020-10-10,0.971677036530787,1.5907591842962,2.35995914124538,"Si"
2020-10-11,0.836276994065566,1.38901371681374,2.07970153811712,"Si"
2020-10-12,0.785082411844542,1.30398210953987,1.95238791817557,"Si"
2020-10-13,0.798702085902218,1.30757713818343,1.93984649002968,"Si"
2020-10-14,1.21714495998942,1.81740546051131,2.5360825283501,"Si"
2020-10-15,1.41728196959075,2.03475580185453,2.76212821917315,"Si"
2020-10-16,1.41085423119574,1.99369074723814,2.67572323030978,"Si"
2020-10-17,1.38118760733252,1.92468558733787,2.55695170178963,"Si"
2020-10-18,1.52320692488743,2.05892888662208,2.67412995448863,"Si"
2020-10-19,1.70604869811279,2.23566601908318,2.83578217324672,"Si"
2020-10-20,1.6040491738766,2.08285113468399,2.62323277912476,"Si"
2020-10-21,1.20746744085595,1.59847050463444,2.04347498743895,"Si"
2020-10-22,1.32070153326371,1.70765665499691,2.14357057853128,"Si"
2020-10-23,1.1818714223448,1.5313601350122,1.92542789416188,"Si"
2020-10-24,1.16832757425326,1.50159118950119,1.87603587158615,"Si"
2020-10-25,0.998454195014847,1.29648859080217,1.6328537899419,"Si"
2020-10-26,0.795246796951566,1.05563240760282,1.35232819093386,"Si"
2020-10-27,0.902258502459996,1.1741622376416,1.48133056896619,"Si"
2020-10-28,0.910036050478464,1.17914089703753,1.48257142287763,"Si"
2020-10-29,0.656233465359712,0.884150395557195,1.14551583740721,"Si"
2020-10-30,0.639033484283808,0.863785792208057,1.12188209909225,"Si"
2020-10-31,0.659865525264386,0.889043908873595,1.15185593184439,"Si"
2020-11-01,0.668440339635066,0.900596848365198,1.16682405855986,"Si"
2020-11-02,0.741442637858281,0.986970529287092,1.26707468331418,"Si"
2020-11-03,0.637039084079685,0.867000129232666,1.13185121269103,"Si"
2020-11-04,0.599196359486828,0.824656065301597,1.08556071020352,"Si"
2020-11-05,0.628924029455599,0.862240352064892,1.13179481769962,"Si"
2020-11-06,0.626480619689552,0.862206578263179,1.13499145258723,"Si"
2020-11-07,0.606890589235536,0.842070833426613,1.1151650221321,"Si"
2020-11-08,0.798139404384129,1.06867740855937,1.3780920179806,"Si"
2020-11-09,0.805024525496173,1.07789631611765,1.38998007963401,"Si"
2020-11-10,0.787492870420797,1.05765399653945,1.36704405900956,"Si"
2020-11-11,0.839354741836551,1.11730611582173,1.43439976256678,"Si"
2020-11-12,0.726213235709201,0.984934889651593,1.28246804992491,"Si"
2020-11-13,0.795744205762786,1.06547033139769,1.3739563944499,"Si"
2020-11-14,0.827426381251729,1.1014276921126,1.4140150113551,"Si"
2020-11-15,0.768014824749751,1.03149371798639,1.33323124924851,"Si"
2020-11-16,0.694890744346109,0.94573532489146,1.23463842538354,"Si"
2020-11-17,0.888504476690713,1.17009801095923,1.48985980106421,"Si"
2020-11-18,0.984019849344862,1.27774565339927,1.60924812415348,"Si"
2020-11-19,1.01223082387919,1.3061274375748,1.63691264136485,"Si"
2020-11-20,1.0969464263471,1.39700121429525,1.73278254177818,"Si"
2020-11-21,0.987162620119998,1.26632520316976,1.57972108272339,"Si"
2020-11-22,0.980993701002824,1.25376475068404,1.55948900076618,"Si"
2020-11-23,1.14073252255635,1.42812123933642,1.74730996156999,"Si"
2020-11-24,1.07383501886384,1.34626666782405,1.64903222965417,"Si"
2020-11-25,0.984481731987158,1.23967605817933,1.52383621072434,"Si"
2020-11-26,1.05262737980319,1.31073443363593,1.59671697070008,"Si"
2020-11-27,0.960343314448598,1.20228594986081,1.47099991162063,"Si"
2020-11-28,1.00243784336269,1.24505155070446,1.51356237526965,"Si"
2020-11-29,0.981425268236408,1.21743603079418,1.47849447684815,"Si"
2020-11-30,0.882290571934795,1.10304118862351,1.34806788931704,"Si"
2020-12-01,0.773558815941533,0.978620399893558,1.20742672367259,"Si"
2020-12-02,0.755663159634813,0.95752424435137,1.18291964369333,"Si"
2020-12-03,0.677780355403907,0.869451829686373,1.08462769463166,"Si"
2020-12-04,0.673102705067974,0.865104200083183,1.08083113657254,"Si"
2020-12-05,0.593828159613006,0.776326370139528,0.982904187989875,"Si"
2020-12-06,0.495384394971886,0.665333369793332,0.859959905047129,"Si"
2020-12-07,0.526425339378611,0.704862915421682,0.908942165084785,"Si"
2020-12-08,0.672212508327602,0.876767361150461,1.10807912314356,"Si"
2020-12-09,0.655631241803329,0.861260295976443,1.09450782744018,"Si"
2020-12-10,0.700526304897239,0.915815517779664,1.15951092539851,"Si"
2020-12-11,0.649141602235566,0.859347150403605,1.09858417924221,"Si"
2020-12-12,0.787755698366366,1.02070127917435,1.28336024269912,"Si"
2020-12-13,0.908627126583558,1.15919919762875,1.43982201468348,"Si"
2020-12-14,0.765147930255165,0.995732158207151,1.25622204254976,"Si"
2020-12-15,0.532160422271134,0.72687031034505,0.951465975391276,"Si"
2020-12-16,0.543643726352081,0.742555191166293,0.971997327706925,"Si"
2020-12-17,0.532005092109527,0.732182729473176,0.963830664987552,"Si"
2020-12-18,0.610719562509287,0.828295293077006,1.07851012329374,"Si"
2020-12-19,0.539523668983888,0.748598105907232,0.991377910507855,"Si"
2020-12-20,0.497325064332398,0.702774501578935,0.943190443226512,"Si"
2020-12-21,0.782953145416841,1.0422271945018,1.3380132974879,"Si"
2020-12-22,0.832723826031913,1.10237711542332,1.40927221088,"Si"
2020-12-23,0.888160796034866,1.16671931002507,1.48269161276067,"Si"
2020-12-24,0.829863011163264,1.09858990921632,1.40443066946036,"Si"
2020-12-25,0.738054544878218,0.991255119093885,1.28122186079175,"Si"
2020-12-26,0.736198148363311,0.988761858180801,1.27799925913757,"Si"
2020-12-27,0.686525224395472,0.931107576788582,1.21238036221538,"Si"
2020-12-28,0.427312065006329,0.624725917359147,0.859037679630551,"Si"
2020-12-29,0.441404821310616,0.645329384546961,0.887368751150975,"Si"
2020-12-30,0.374854685396797,0.568818059444345,0.802581721907712,"Si"
2020-12-31,0.432878785003502,0.646362013947545,0.901960209858935,"Si"
2021-01-01,0.458456568144554,0.684554015949284,0.955254904468289,"Si"
2021-01-02,0.525681708674505,0.773685423718797,1.06885553224289,"Si"
2021-01-03,0.508640858893627,0.759487739570868,1.05982051263338,"Si"
2021-01-04,0.622631277704286,0.904521931180259,1.23822068590568,"Si"
2021-01-05,0.573327427660052,0.84975692312491,1.17971293178476,"Si"
2021-01-06,0.760931583868635,1.08072705728191,1.4557444427868,"Si"
2021-01-07,0.819601638949419,1.1525864508406,1.54145046871035,"Si"
2021-01-08,1.0684448440415,1.44422397063488,1.87575326469938,"Si"
2021-01-09,0.986603937083941,1.34275237160525,1.7529361863997,"Si"
2021-01-10,1.14084015821252,1.51438251310205,1.94001448759584,"Si"
2021-01-11,1.08244465649466,1.43686672264819,1.84071212825343,"Si"
2021-01-12,1.17657482569133,1.53460757176912,1.93947298661312,"Si"
2021-01-13,1.0448103902873,1.37249973552669,1.74420173635245,"Si"
2021-01-14,0.989699083791259,1.30010358183841,1.65219917074184,"Si"
2021-01-15,0.835308152128808,1.11512901262156,1.43475195568482,"Si"
2021-01-16,0.7932793006213,1.06216991993513,1.36970041349982,"Si"
2021-01-17,0.658188196162135,0.902360850284321,1.18445782733438,"Si"
2021-01-18,0.623198240085198,0.861121970820305,1.13691728491041,"Si"
2021-01-19,0.560948314700757,0.788848382458957,1.05499306190519,"Si"
2021-01-20,0.521008178615133,0.743885385372478,1.00582659223734,"Si"
2021-01-21,0.448829133054193,0.660575691058308,0.912593103356007,"Si"
2021-01-22,0.449954253047709,0.666899442047101,0.925852881656794,"Si"
2021-01-23,0.56864232962117,0.816385380046046,1.10822197626386,"Si"
2021-01-24,0.591861811147652,0.849721001161516,1.15347421719753,"Si"
2021-01-25,0.633225320317541,0.904106846622048,1.22246615733815,"Si"
2021-01-26,0.607244733653342,0.876850893111858,1.19520629115552,"Si"
2021-01-27,0.64455853149289,0.925376346930248,1.25617438656855,"Si"
2021-01-28,0.702777867408693,0.99813317342676,1.34449009172733,"Si"
2021-01-29,0.6657763214052,0.955838190129362,1.29752554852696,"Si"
2021-01-30,0.627583775924276,0.91171662796875,1.24806967030864,"Si"
2021-01-31,0.636605652156325,0.92482307668808,1.26601138666024,"Si"
2021-02-01,0.645887106991512,0.938306625864472,1.28446932442174,"Si"
2021-02-02,0.775108506010653,1.09531277035567,1.47001425780583,"Si"
2021-02-03,0.898371213971958,1.2413500882127,1.63892273073659,"Si"
2021-02-04,0.933672765505236,1.280043846853,1.68021247071893,"Si"
2021-02-05,0.910393092039508,1.24812795096583,1.63831899463556,"Si"
2021-02-06,0.885137847471126,1.21350359262008,1.59287033377429,"Si"
2021-02-07,0.88366137578772,1.20698043593235,1.57992533387064,"Si"
2021-02-08,0.860289768221719,1.1750574913957,1.53813851835673,"Si"
2021-02-09,0.818313388489071,1.12188879919406,1.47261482940608,"Si"
2021-02-10,0.760906034203678,1.05140364917102,1.38814131176065,"Si"
2021-02-11,0.79292705968076,1.08708472737594,1.42693027286189,"Si"
2021-02-12,0.865866087164329,1.17039692354394,1.52010761140224,"Si"
2021-02-13,0.871634852812132,1.17436299819433,1.52151875976805,"Si"
2021-02-14,0.914473311976175,1.22081380249179,1.57072856219063,"Si"
2021-02-15,0.970653600289531,1.28157659837099,1.63503672843265,"Si"
2021-02-16,1.03640415898187,1.35178284887411,1.70841482043248,"Si"
2021-02-17,1.07057475379409,1.3842447040024,1.73760118130577,"Si"
2021-02-18,1.07669160830722,1.38381620743425,1.72889190012584,"Si"
2021-02-19,0.992997220685617,1.28130944521385,1.60580933225408,"Si"
2021-02-20,1.06581946154286,1.35735989126943,1.6836130838212,"Si"
2021-02-21,0.988003442866325,1.2627235923676,1.57063241108896,"Si"
2021-02-22,0.905193252770712,1.16339821391718,1.45350931565661,"Si"
2021-02-23,0.820800622352497,1.06351784813451,1.33719487919208,"Si"
2021-02-24,0.707252480745074,0.931401858601846,1.1859332934254,"Si"
2021-02-25,0.593724566860584,0.799931485289407,1.0364008090074,"Si"
2021-02-26,0.601632935579266,0.810586515396722,1.05020559357495,"Si"
2021-02-27,0.487071848701276,0.678734852685123,0.901701684708724,"Si"
2021-02-28,0.562952055417941,0.771794295853803,1.01307342237645,"Si"
2021-03-01,0.629095950187658,0.853218476076439,1.11096220336018,"Si"
2021-03-02,0.617099453906958,0.842887318941912,1.10333108072787,"Si"
2021-03-03,0.66741645217695,0.90519108899826,1.17863491578377,"Si"
2021-03-04,0.716214207163813,0.964963093158406,1.25021773589751,"Si"
2021-03-05,0.761491034474024,1.01960667634352,1.31481381649387,"Si"
2021-03-06,0.801923435446002,1.06747947463084,1.37043222378611,"Si"
2021-03-07,0.700117859950726,0.94954274202984,1.23638449758047,"Si"
2021-03-08,0.704151687123323,0.95501366561778,1.24350810014429,"Si"
2021-03-09,0.726553594981531,0.98208730537195,1.27553170888131,"Si"
2021-03-10,0.783175360937122,1.04864114035275,1.35225464080343,"Si"
2021-03-11,0.836149058862149,1.10992719179131,1.42188305373453,"Si"
2021-03-12,0.726932580176185,0.982599582169099,1.27619705227279,"Si"
2021-03-13,0.692300472623885,0.94221000599967,1.23003619254843,"Si"
2021-03-14,0.678644711999713,0.926951106811042,1.21336973931886,"Si"
2021-03-15,0.581047463791837,0.813319624407122,1.08403883323235,"Si"
2021-03-16,0.645225870692059,0.891559278663293,1.17710288296206,"Si"
2021-03-17,0.585907603014194,0.823948040836368,1.101934777052,"Si"
2021-03-18,0.600125111506067,0.843941787644207,1.12867409050284,"Si"
2021-03-19,0.652826331828305,0.909713803710727,1.20855804908738,"Si"
2021-03-20,0.590178020203993,0.838211172422086,1.12907440219383,"Si"
2021-03-21,0.565877123936279,0.812415444330093,1.10283289151013,"Si"
2021-03-22,0.601804890993756,0.85924536625485,1.16180779409061,"Si"
2021-03-23,0.435943038069215,0.661515735571814,0.933374792359629,"Si"
2021-03-24,0.45404934252918,0.688990896928604,0.972141251942444,"Si"
2021-03-25,0.410775459396783,0.641116532236656,0.921906684322454,"Si"
2021-03-26,0.455554773617462,0.703942969368952,1.00551488546407,"Si"
2021-03-27,0.503581175836341,0.770905666420364,1.09423926786472,"Si"
2021-03-28,0.50246361387995,0.776428541283425,1.10905355935226,"Si"
2021-03-29,0.447190363821476,0.713569750852693,1.04118683785104,"Si"
2021-03-30,0.495521085632621,0.781684762352842,1.13202446660155,"Si"
2021-03-31,0.405876876524117,0.674140927982187,1.00935786872453,"Si"
2021-04-01,0.397816772178479,0.671235625189179,1.01500696734881,"Si"
2021-04-02,0.389531807323057,0.668681829401556,1.02202108040431,"Si"
2021-04-03,0.41186180098923,0.707014157428464,1.08060865611208,"Si"
2021-04-04,0.434840635889494,0.746460305521529,1.14089860735532,"Si"
2021-04-05,0.492810837753406,0.831518965296421,1.2573789465073,"Si"
2021-04-06,0.664544492649471,1.06039594413022,1.54724930340683,"Si"
2021-04-07,0.717546423244415,1.13192984434731,1.63924428361729,"Si"
2021-04-08,0.681813981845311,1.08795240799837,1.58745760461767,"Si"
2021-04-09,0.681711155422508,1.08778833061469,1.5872181953489,"Si"
2021-04-10,0.563842220650848,0.936513361195422,1.40219513613812,"Si"
2021-04-11,0.606021790737531,0.992134930903878,1.47187451290521,"Si"
2021-04-12,0.571134981532572,0.948626267529137,1.42033119169204,"Si"
2021-04-13,0.385986228443814,0.706017301326299,1.12107458096812,"Si"
2021-04-14,0.436322340913221,0.779575234561428,1.2207951263876,"Si"
2021-04-15,0.699219764156743,1.12956698042989,1.66145198847149,"Si"
2021-04-16,0.621928412550201,1.03299158297866,1.54664720583953,"Si"
2021-04-17,0.584142992678819,0.98562356922129,1.49040776800375,"Si"
2021-04-18,0.546780329526902,0.938619296692264,1.43459664299879,"Si"
2021-04-19,0.596195329463542,1.00595945846091,1.52115862283156,"Si"
2021-04-20,0.777395195051412,1.24046880372487,1.80999795697588,"Si"
2021-04-21,0.682060500485548,1.11661999265398,1.65655341485706,"Si"
2021-04-22,0.423347300224498,0.774355395096129,1.22958764388209,"Si"
2021-04-23,0.513842454742191,0.89897599335514,1.3900539272386,"Si"
2021-04-24,0.610190250467001,1.02957306705209,1.55686587129225,"Si"
2021-04-25,0.660833613734824,1.09761115099777,1.64339888897632,"Si"
2021-04-26,0.617151839981712,1.0413193462867,1.57462797273046,"Si"
2021-04-27,0.486409294476695,0.869065377309995,1.36093442954112,"Si"
2021-04-28,0.493318014486712,0.881409157394817,1.38026447736804,"Si"
2021-04-29,0.458397080636266,0.838465846596338,1.33138769526363,"Si"
2021-04-30,0.337236467003686,0.675558695967794,1.12943317692082,"Si"
2021-05-01,0.263296864037085,0.575809706741618,1.00851081802135,"Si"
2021-05-02,0.190611257954495,0.474096192017907,0.884492414833269,"Si"
2021-05-03,0.205280791912421,0.510582862651971,0.952563375878091,"Si"
2021-05-04,0.174234293381556,0.474775643122717,0.923306644521642,"Si"
2021-05-05,0.190566763422027,0.519280423535069,1.00985607068308,"Si"
2021-05-06,0.20882487538759,0.569032436657269,1.10660990580386,"Si"
2021-05-07,0.168395344335964,0.518622593207205,1.06230385547988,"Si"
2021-05-08,0.18488347827335,0.5694026121767,1.16631746892283,"Si"
2021-05-09,0.274934827266995,0.749177196401101,1.456941385644,"Si"
2021-05-10,0.297151155279107,0.80971505731851,1.57467069640336,"Si"
2021-05-11,0.405634570219451,1.00891105360509,1.88226395651253,"Si"
2021-05-12,0.423856277440501,1.05423283626511,1.96681804841291,"Si"
2021-05-13,0.341460842020913,0.930455696897067,1.80947767608209,"Si"
2021-05-14,0.352148399467273,0.959578505395476,1.86611344285575,"Si"
2021-05-15,0.463284823354497,1.15230114385212,2.14977812203647,"Si"
2021-05-16,0.367377953065894,1.00107791956891,1.94681826713459,"Si"
2021-05-17,0.185061928131797,0.679210231318892,1.48870539243389,"Si"
2021-05-18,0.109748623671814,0.532181520438411,1.28161508923399,"Si"
2021-05-19,0.0460263552278415,0.380054434780763,1.05876388987163,"Si"
2021-05-20,0.129413989408898,0.627540750356723,1.51126197336549,"Si"
2021-05-21,0.142061306751667,0.688868795736763,1.65895396441308,"Si"
2021-05-22,0.0608270897135396,0.502268865001375,1.39923150107965,"Si"
2021-05-23,0.0675227300332963,0.557556922998223,1.55325417254764,"Si"
2021-05-24,0.07537694776343,0.622411727713791,1.7339280945797,"Si"
2021-05-25,0.21508107144508,1.04294858367834,2.51165925685702,"Si"
2021-05-26,0.232909037906825,1.129398089654,2.71984948342474,"Si"
2021-05-27,0.0966157871538718,0.797787663087684,2.22249418020754,"Si"
2021-05-28,0.103914283073687,0.858053693882952,2.39038459629683,"Si"
2021-05-29,0.112191740162204,0.926403322256208,2.58079447389632,"Si"
2021-05-30,0.121017805647568,0.999282986804334,2.78382422455303,"Si"
2021-05-31,0.332169541931921,1.61072171982108,3.87898711510883,"Si"
2021-06-01,0.133291217587978,1.10062850101578,3.06615475678177,"Si"
2021-06-02,0.13885877002903,1.146601574174,3.19422754139336,"Si"
2021-06-03,0.145245495491768,1.19933882273138,3.34114411258386,"Si"
2021-06-04,0.151892456748479,1.25422492203087,3.49404699879209,"Si"
2021-06-05,0.158444110523725,1.3083240367686,3.64475748633414,"Si"
2021-06-06,0.420586931310766,2.03946605518092,4.91150175253574,"Si"
2021-06-07,0.161926765646501,1.33708144147012,3.72487048825702,"Si"
2021-06-08,0.163380262442034,1.34908343251085,3.75830589528712,"Si"
2021-06-09,0.166397467143171,1.37399746321417,3.82771194254203,"Si"
2021-06-10,0.170107946568542,1.40463608653758,3.91306568411569,"Si"
2021-06-11,0.174033924515163,1.43705415053762,4.00337663013211,"Si"
2021-06-12,0.177888723581818,1.46888446760745,4.09205021799892,"Si"
2021-06-13,0.0189720334629556,0.749355294689338,2.76428135041099,"Si"
2021-06-14,0.0204734490719227,0.808658043564705,2.98304204230981,"Si"
2021-06-15,0.0227292831642028,0.897758730862749,3.311723737031,"Si"
2021-06-16,0.0256612671686716,1.01356591315468,3.73892247242653,"Si"
2021-06-17,0.279869100185376,2.3109692730832,6.43794833851843,"Si"
2021-06-18,0.291897485827302,2.41029152625396,6.71464242624447,"Si"
2021-06-19,0.289804409171093,2.39300831837033,6.66649449075494,"Si"
2021-06-20,0.280628005583845,2.31723579931234,6.45540576324281,"Si"
2021-06-21,0.269106936249275,2.22210262023821,6.19038168901911,"Si"
2021-06-22,0.658301028847334,3.19216433625418,7.68746343782794,"Si"
2021-06-23,0.587689716080224,2.84976336090415,6.86288340315192,"Si"
2021-06-24,0.203390264268861,1.67945890010107,4.67867304055083,"Si"
2021-06-25,0.192453448225211,1.5891500885692,4.42708879409326,"Si"
2021-06-26,0.187693719452764,1.54984747554743,4.31759872204859,"Si"
2021-06-27,0.186067705720079,1.53642095660926,4.280194834296,"Si"
2021-06-28,0.186136381684683,1.53698803616143,4.2817746168155,"Si"
2021-06-29,0.0195590299337853,0.772540416845013,2.84980847117218,"Si"
2021-06-30,0.0209172252088399,0.826186264696352,3.04770153710951,"Si"
2021-07-01,0.0230789934163413,0.911571548005348,3.36267755439176,"Si"
2021-07-02,0.0259396559339445,1.02456168203979,3.77948453834901,"Si"
2021-07-03,0.029472424068459,1.1640985699373,4.29421929720512,"Si"
2021-07-04,0.0336716898260787,1.32996070777425,4.90606472968725,"Si"
2021-07-05,0.0385267246933387,1.52172434190374,5.61345765967375,"Si"
2021-07-06,0.0440050528673104,1.73810674662736,6.4116662666905,"Si"
2021-07-07,0.0500411464386924,1.97651970777817,7.29114294067416,"Si"
2021-07-08,0.0565305397657433,2.23283705290843,8.23666672885822,"Si"
2021-07-09,0.0633306508580989,2.5014270942175,9.22746301382286,"Si"
2021-07-10,0.0702690856063713,2.77548062810076,10.2384134642921,"Si"
2021-07-11,0.0771585794445999,3.04760109929256,11.2422330795154,"Si"
2021-07-12,0.0838157779571913,3.31054639521717,12.2122065792076,"Si"
2021-07-13,0.861771026315969,7.11592083917251,19.82368665701,"Si"
2021-07-14,0.715704576663367,5.90980313360254,16.4636577855433,"Si"
2021-07-15,0.566619628139885,4.67876071095298,13.0341930964829,"Si"
2021-07-16,0.459615010562553,3.79518913004091,10.5727202168778,"Si"
2021-07-17,0.989111734004347,4.79629692723971,11.5505824203237,"Si"
2021-07-18,0.781977555344211,3.7918835829435,9.13172485304561,"Si"
2021-07-19,0.634318113585121,3.07586889780789,7.40739736450946,"Si"
2021-07-20,0.209421961531318,1.72926456649599,4.81742274655109,"Si"
2021-07-21,0.193786070318998,1.60015397827811,4.4577436687789,"Si"
2021-07-22,0.186829147955904,1.54270843032127,4.29771061497262,"Si"
2021-07-23,0.184135351459097,1.52046488529277,4.23574406464807,"Si"
2021-07-24,0.0192049376201937,0.758554517520266,2.79821617450582,"Si"
2021-07-25,0.0204494503947515,0.807710146448727,2.97954536411407,"Si"
2021-07-26,0.0225039862319891,0.888859977370599,3.27889730810658,"Si"
2021-07-27,0.0252555991149527,0.99754288090913,3.67981543798332,"Si"
2021-07-28,0.700721927042958,3.39786730859959,8.18284334700063,"Si"
2021-07-29,0.671543968310897,3.25638060998047,7.84211094478044,"Si"
2021-07-30,0.601478143753732,2.91662475887197,7.02390097560024,"Si"
2021-07-31,0.531279816712766,2.5762263906099,6.20414367783478,"Si"
2021-08-01,1.2424987366078,3.82663736564239,7.83816918176794,"Si"
2021-08-02,1.02028065402766,3.1422519469142,6.43633039095635,"Si"
2021-08-03,1.14667113072734,3.12459455010454,6.07646780397694,"Si"
2021-08-04,0.468908155078831,1.72097643039572,3.77206757796741,"Si"
2021-08-05,0.421361585102637,1.54647205168336,3.38958569295816,"Si"
2021-08-06,0.393750958417636,1.44513613496134,3.16747577953951,"Si"
2021-08-07,0.972135302195096,2.41793506764905,4.51099431487139,"Si"
2021-08-08,0.50618157375512,1.55893383780753,3.19319182779864,"Si"
2021-08-09,0.473343175025508,1.45779840812519,2.98603433353529,"Si"
2021-08-10,0.45091290809223,1.38871785694286,2.84453541539937,"Si"
2021-08-11,0.58987707415713,1.60737167070203,3.12589107144115,"Si"
2021-08-12,0.719763225735474,1.79022481745112,3.33991349971016,"Si"
2021-08-13,0.987540160597723,2.15967331152586,3.78259322926485,"Si"
2021-08-14,0.479581657499857,1.30682476710097,2.54141089200293,"Si"
2021-08-15,0.454942676182286,1.23968535399289,2.41084339737695,"Si"
2021-08-16,0.563283175204337,1.40102117397434,2.61379994664521,"Si"
2021-08-17,0.668199391975975,1.54772868577541,2.79029854786663,"Si"
2021-08-18,0.761212300555424,1.66471193325415,2.91568546677767,"Si"
2021-08-19,0.718250136682309,1.57075703154564,2.75112670080035,"Si"
2021-08-20,0.568980124367718,1.31791029847517,2.37597404884395,"Si"
2021-08-21,0.546300874857225,1.26537908479739,2.2812689686901,"Si"
2021-08-22,0.530017868118193,1.22766328181507,2.21327362088761,"Si"
2021-08-23,0.719233655071024,1.49984433097383,2.56245456024132,"Si"
2021-08-24,0.593557308168968,1.29806354056302,2.27351346774766,"Si"
2021-08-25,0.393287926167605,0.978201970668459,1.8249718892459,"Si"
2021-08-26,0.479888313204933,1.1115498116801,2.00394026027794,"Si"
2021-08-27,0.389476592202813,0.968722263443361,1.80728617635344,"Si"
2021-08-28,0.574227984358002,1.25579181691067,2.19947600345925,"Si"
2021-08-29,0.760692417559249,1.52383395012052,2.54762262651188,"Si"
2021-08-30,0.642619634617025,1.34007830300661,2.28949744163793,"Si"
2021-08-31,0.804870194742742,1.55766879161363,2.554841428959,"Si"
2021-09-01,1.13160831778725,1.97976773266454,3.06124293880163,"Si"
2021-09-02,1.30110335735023,2.1610667556044,3.23565836766098,"Si"
2021-09-03,1.56457308893559,2.44190262651565,3.51138403184765,"Si"
2021-09-04,1.21799017115166,1.94351447008523,2.83582884925782,"Si"
2021-09-05,1.01776155377625,1.64416096916699,2.41835549278371,"Si"
2021-09-06,0.814542265530971,1.35291343391703,2.02565037004157,"Si"
2021-09-07,0.711553460809205,1.20060305528674,1.81548836266379,"Si"
2021-09-08,0.584563373766915,1.02270342740521,1.58136916466397,"Si"
2021-09-09,0.388653453207792,0.752162719863353,1.23367463505171,"Si"
2021-09-10,0.303986873258756,0.633914980664501,1.08303128495632,"Si"
2021-09-11,0.314980476880273,0.656840345672731,1.12219882047808,"Si"
2021-09-12,0.330123449065217,0.688418541194519,1.17614954686211,"Si"
2021-09-13,0.347604696187253,0.72487282723839,1.23843097806424,"Si"
2021-09-14,0.263739290811023,0.610890807229232,1.10133497426444,"Si"
2021-09-15,0.178875383428997,0.487422272378641,0.947900822828675,"Si"
2021-09-16,0.142483914231483,0.438820784389483,0.898844395187019,"Si"
2021-09-17,0.104691580224942,0.384236742476185,0.842177111179243,"Si"
2021-09-18,0.299754286075672,0.7455612385888,1.39094823250676,"Si"
2021-09-19,0.254686090612415,0.694000877313629,1.34963878330612,"Si"
2021-09-20,0.274975461435052,0.749287921522417,1.45715671522484,"Si"
2021-09-21,0.55065008962267,1.20422879999899,2.1091651598656,"Si"
2021-09-22,0.75693581016996,1.51630864061968,2.53504143368945,"Si"
2021-09-23,0.747303641831584,1.49701329234424,2.50278249507671,"Si"
2021-09-24,0.542317212141844,1.18600544684172,2.07724758608289,"Si"
2021-09-25,0.28438806113002,0.774936563858564,1.50703619458516,"Si"
2021-09-26,0.288546444110317,0.786267851835825,1.52907239975268,"Si"
2021-09-27,0.297318109450527,0.810169995164381,1.57555542404687,"Si"
2021-09-28,0.0866836283743352,0.420337163255194,1.01226823988529,"Si"
2021-09-29,0.00381264371165406,0.150591382714486,0.555513457662075,"Si"
2021-09-30,0.00427249308904392,0.168754462933563,0.622514871105654,"Si"
2021-10-01,0.0049098830101262,0.193930020054377,0.715384466514495,"Si"
2021-10-02,0.054916930427243,0.453466776808674,1.26327758500821,"Si"
2021-10-03,0.0637271915504163,0.52621593964947,1.46594378117733,"Si"
2021-10-04,0.187591768680473,0.909650338546746,2.1906465276132,"Si"
2021-10-05,0.209031925319809,1.01361569844848,2.44101894546404,"Si"
2021-10-06,0.226972957424713,1.10061347048773,2.65052952238786,"Si"
2021-10-07,0.241381026777677,1.17047956992759,2.81878310472622,"Si"
2021-10-08,0.252546223898745,1.22462067330628,2.94916729202522,"Si"
2021-10-09,0.102160489500921,0.843572055662412,2.35004133435611,"Si"
2021-10-10,0.108038675855946,0.892110133066892,2.48525976344589,"Si"
2021-10-11,0.115258868990735,0.951729592554098,2.6513489471575,"Si"
2021-10-12,0.12325866936184,1.01778652001118,2.83537176880349,"Si"
2021-10-13,0.131627277809536,1.08688881450628,3.02787844001467,"Si"
2021-10-14,0.630084624568331,2.31252277507209,5.06862966226382,"Si"
2021-10-15,0.611274663205755,2.24348686727004,4.91731549843431,"Si"
2021-10-16,0.571413852848594,2.09719059500834,4.59666065643337,"Si"
2021-10-17,0.528957612635032,1.94136863299005,4.25512723361403,"Si"
2021-10-18,0.491218840262105,1.80286061801437,3.9515428362041,"Si"
2021-10-19,0.685184254687829,2.11022481881678,4.32241092138994,"Si"
2021-10-20,0.629162644122827,1.93768992444998,3.96900463733815,"Si"
2021-10-21,0.38880076137271,1.42696803029551,3.12765459584827,"Si"
2021-10-22,0.748290818091483,2.03903747940253,3.96536107197563,"Si"
2021-10-23,0.884204522644537,2.1992300016763,4.10296958234791,"Si"
2021-10-24,0.798822664720121,1.98686471882904,3.70677259740096,"Si"
2021-10-25,0.566556539292277,1.54382492727087,3.00231032062211,"Si"
2021-10-26,0.528927231616595,1.44128782963498,2.80290416967787,"Si"
2021-10-27,0.642407190483594,1.59782169217887,2.98095869737526,"Si"
2021-10-28,0.475781169615766,1.29646871695533,2.52127125331469,"Si"
2021-10-29,0.227374563681617,0.834505138648713,1.82908360715911,"Si"
2021-10-30,0.129942826063487,0.630105129621695,1.51743758644916,"Si"
2021-10-31,0.238769403917912,0.876326231462702,1.92074784235293,"Si"
2021-11-01,0.249127606987533,0.91434268127487,2.00407299151429,"Si"
2021-11-02,0.147471474686772,0.715103214914002,1.72213245931298,"Si"
2021-11-03,0.0611938172894545,0.505297052675436,1.407667492,"Si"
2021-11-04,0.170063508792171,0.824654138267365,1.98595619429259,"Si"
2021-11-05,0.322848071121288,1.18490991248606,2.59710719145243,"Si"
2021-11-06,0.502537199534861,1.54770992412879,3.17020168635347,"Si"
2021-11-07,0.337962943713482,1.24038418649442,2.7186967185967,"Si"
2021-11-08,0.339231095173254,1.24503852817904,2.72889818972392,"Si"
2021-11-09,0.340144105965324,1.24838944037118,2.73624278027924,"Si"
2021-11-10,0.507548657987648,1.5631441725564,3.20181593113539,"Si"
2021-11-11,0.333314724071842,1.22332439267356,2.68130475086145,"Si"
2021-11-12,0.667941391423671,1.82009119747161,3.53957141779181,"Si"
2021-11-13,0.63782729757965,1.73803250515355,3.37999007246478,"Si"
2021-11-14,0.602586309410898,1.64200340263089,3.19324016287917,"Si"
2021-11-15,1.06444637912815,2.32786121342344,4.07716853172695,"Si"
2021-11-16,1.44458461568342,2.79571089523877,4.58544079267895,"Si"
2021-11-17,1.82623448095431,3.19502785623079,4.94035552897775,"Si"
2021-11-18,1.87337159863559,3.11157531016583,4.6588078146293,"Si"
2021-11-19,1.51887902753306,2.52278111008124,3.77723538037049,"Si"
2021-11-20,1.44201881743324,2.32953489707995,3.42645496373683,"Si"
2021-11-21,1.22901498141271,1.98543406897498,2.92032561063543,"Si"
2021-11-22,0.884223284018494,1.4919485812647,2.25604563894093,"Si"
2021-11-23,1.04530894461424,1.66797163695202,2.43377765415089,"Si"
2021-11-24,0.850648056054314,1.39261931372115,2.06601018691912,"Si"
2021-11-25,0.696926221185426,1.17592253646423,1.77816778904917,"Si"
2021-11-26,0.621647627045392,1.06713871545566,1.63102721646757,"Si"
2021-11-27,0.515733443608835,0.921458707411212,1.44298106110038,"Si"
2021-11-28,0.514592469569614,0.919420134042742,1.43978870669675,"Si"
2021-11-29,0.518422800479701,0.926263769671001,1.45050566723033,"Si"
2021-11-30,0.215890916894741,0.500061163013391,0.901527476892183,"Si"
2021-12-01,0.184495545913626,0.458884940483404,0.85611370850972,"Si"
2021-12-02,0.15465414585235,0.421421180260124,0.819547046089203,"Si"
2021-12-03,0.124138028070774,0.38231927543821,0.783111352343305,"Si"
2021-12-04,0.136977185349032,0.421861206175681,0.864105790352199,"Si"
2021-12-05,0.206186394457401,0.561842770052693,1.09262800289022,"Si"
2021-12-06,0.424835760215616,0.92908267402931,1.62725622132524,"Si"
2021-12-07,0.528479430406365,1.10205754714439,1.8828436585115,"Si"
2021-12-08,0.394313612725453,0.913335894847483,1.6465933884469,"Si"
2021-12-09,0.485955272209581,1.06274627995999,1.86136341156287,"Si"
2021-12-10,0.495964870414555,1.08463649057106,1.89970335955534,"Si"
2021-12-11,0.42131834775354,0.975886091026406,1.75936103510932,"Si"
2021-12-12,0.348817411531679,0.867593070269711,1.61861559475779,"Si"
2021-12-13,0.357852937343243,0.890066603187503,1.66054309751981,"Si"
2021-12-14,0.368269986823947,0.915976318824776,1.70888127727635,"Si"
2021-12-15,0.379020284456908,0.942714903027723,1.75876582667597,"Si"
2021-12-16,0.304705943800259,0.830301300756427,1.61470521718659,"Si"
2021-12-17,0.403446428967678,1.00346861832506,1.87211033620412,"Si"
2021-12-18,0.414166276300488,1.03013146528404,1.92185358723657,"Si"
2021-12-19,0.618076427131931,1.35168494145307,2.36742949980119,"Si"
2021-12-20,0.819338254941031,1.64131444022761,2.74403244842643,"Si"
2021-12-21,0.787290607587483,1.57711596534926,2.63670219293849,"Si"
2021-12-22,0.943288242688803,1.77157343551431,2.85653747981725,"Si"
2021-12-23,0.879191025740233,1.65119355405538,2.66243339341026,"Si"
2021-12-24,0.905626379877194,1.65650441806857,2.63033921813169,"Si"
2021-12-25,1.08968959309543,1.87059340698867,2.85903670587058,"Si"
2021-12-26,1.07437371804142,1.81278911486621,2.74120370384796,"Si"
2021-12-27,0.703563239432176,1.28690555002171,2.04345856330419,"Si"
2021-12-28,0.859829957349297,1.47600955312426,2.2559501572238,"Si"
2021-12-29,1.45902506359717,2.21397740961275,3.12384210059637,"Si"
2021-12-30,1.37073343572952,2.06282681200557,2.89411525498256,"Si"
2021-12-31,1.11423717974538,1.70572649816664,2.4211430734426,"Si"
2022-01-01,1.10781349355605,1.66715666054557,2.33899593298367,"Si"
2022-01-02,1.10355382702434,1.63563168150216,2.27073860040952,"Si"
2022-01-03,1.1821107079705,1.70694741773216,2.32668325752037,"Si"
2022-01-04,1.04730287752698,1.52145973906769,2.08276091131154,"Si"
2022-01-05,0.658701563389119,1.02806643493027,1.47832924380106,"Si"
2022-01-06,0.702894109369909,1.07602324671258,1.52732940095702,"Si"
2022-01-07,0.688020502036325,1.05325403149216,1.49501031124486,"Si"
2022-01-08,0.583054872349758,0.919769355020527,1.33199655879128,"Si"
2022-01-09,0.458055261800542,0.760806582286274,1.13911806646512,"Si"
2022-01-10,0.343022616535543,0.612877021575101,0.959749935405211,"Si"
2022-01-11,0.294683949203806,0.553440860021553,0.892384435113691,"Si"
2022-01-12,0.247479700939504,0.495756184171397,0.828830248813102,"Si"
2022-01-13,0.265644559562299,0.532144384749719,0.889665881937076,"Si"
2022-01-14,0.323744060080424,0.626543288783042,1.02763742833989,"Si"
2022-01-15,0.471393966591958,0.842237556086674,1.31892273913711,"Si"
2022-01-16,0.542239515186381,0.948657126911902,1.46687405961221,"Si"
2022-01-17,0.516545067996791,0.922908833185869,1.44525192143543,"Si"
2022-01-18,0.532170099181206,0.950826008650974,1.48896951306657,"Si"
2022-01-19,0.843590352013623,1.36279300942386,2.00449835610512,"Si"
2022-01-20,0.784422166785642,1.28419909009577,1.90516415794975,"Si"
2022-01-21,0.867166504160045,1.38371449025299,2.01901119389322,"Si"
2022-01-22,0.648854312292981,1.09481087884669,1.65551503564113,"Si"
2022-01-23,0.682768600751569,1.13404405308715,1.69794807131784,"Si"
2022-01-24,0.856461873640827,1.35106903736798,1.95659846530049,"Si"
2022-01-25,0.92213822478361,1.42492792901316,2.03537261636498,"Si"
2022-01-26,0.710798225467573,1.14827161129322,1.688964164978,"Si"
2022-01-27,0.77597978025052,1.22410849447777,1.77273605967789,"Si"
2022-01-28,0.632992858898401,1.0362900079245,1.53738045414125,"Si"
2022-01-29,0.664999476998326,1.07428521006747,1.58013940684848,"Si"
2022-01-30,0.698729865030352,1.11494463217478,1.62684261008242,"Si"
2022-01-31,0.851825255214522,1.30401402505613,1.85094417412762,"Si"
2022-02-01,0.870813905149462,1.32140452010074,1.864454015604,"Si"
2022-02-02,0.843456113214912,1.27989081699091,1.80587968103171,"Si"
2022-02-03,0.742308512940768,1.14704726862585,1.63844679629108,"Si"
2022-02-04,0.833652401053709,1.25456961941778,1.76014246705694,"Si"
2022-02-05,0.810774745896358,1.22014086819287,1.71183944251308,"Si"
2022-02-06,0.893457846281402,1.31496930741245,1.81664559764054,"Si"
2022-02-07,0.729869162630299,1.10752986933102,1.56268461388203,"Si"
2022-02-08,0.64956115748824,1.00373003746191,1.43373190382185,"Si"
2022-02-09,0.580218328434936,0.915294705565135,1.32551643674346,"Si"
2022-02-10,0.582331762388449,0.918628648692078,1.33034460453145,"Si"
2022-02-11,0.49262320427302,0.806486988096997,1.19645786656076,"Si"
2022-02-12,0.633442665655952,0.98864368814158,1.42164049542008,"Si"
2022-02-13,0.44541414907393,0.751546605701205,1.13644897923747,"Si"
2022-02-14,0.360576914592767,0.644241209796313,1.00886546194589,"Si"
2022-02-15,0.343370006819687,0.628066878314848,0.997298240572943,"Si"
2022-02-16,0.432643406698928,0.756916896835355,1.17039310595203,"Si"
2022-02-17,0.454218175074738,0.794662315986799,1.2287574766522,"Si"
2022-02-18,0.474737447132038,0.830561126624956,1.28426650367808,"Si"
2022-02-19,0.296464578529337,0.593883650399324,0.992884707125161,"Si"
2022-02-20,0.273596234877719,0.570540267358054,0.974756832893249,"Si"
2022-02-21,0.421509314741273,0.791629399184436,1.27644669058783,"Si"
2022-02-22,0.491787817638356,0.899541699282993,1.42836915142531,"Si"
2022-02-23,0.367286142073313,0.735754793633801,1.2300720558679,"Si"
2022-02-24,0.484748249111945,0.910397354885836,1.4679516601596,"Si"
2022-02-25,0.501977660800365,0.94275561684163,1.52012708015941,"Si"
2022-02-26,0.625673028613236,1.11788728722679,1.75058325559159,"Si"
2022-02-27,0.803103203057485,1.35507479396538,2.04907234589339,"Si"
2022-02-28,0.622144415504137,1.11158272948527,1.74071047741232,"Si"
2022-03-01,0.782486568128424,1.32028837769609,1.99647016931423,"Si"
2022-03-02,0.930810778368687,1.5036947955004,2.21174729017625,"Si"
2022-03-03,0.837641308561058,1.37132560989278,2.0344200685047,"Si"
2022-03-04,0.751560294839151,1.24830357160622,1.86902319716593,"Si"
2022-03-05,0.677138314895485,1.1425344327476,1.72768006666495,"Si"
2022-03-06,0.566950970032884,0.991890231656103,1.5337238392288,"Si"
2022-03-07,0.609170784414142,1.04572059811845,1.59829151697834,"Si"
2022-03-08,0.379751719681592,0.734935156219436,1.20541850412421,"Si"
2022-03-09,0.299925628092445,0.625445917104365,1.06856205632207,"Si"
2022-03-10,0.225223773300971,0.521678557093067,0.940500059014328,"Si"
2022-03-11,0.380695960582568,0.762617604722313,1.27498266134128,"Si"
2022-03-12,0.453514324532931,0.877688246488586,1.43955782250507,"Si"
2022-03-13,0.472912103414357,0.915228852399426,1.50113079345089,"Si"
2022-03-14,0.378135729144919,0.788540310506825,1.34720562185301,"Si"
2022-03-15,0.393023219466873,0.819585740325603,1.40024612850488,"Si"
2022-03-16,0.715170229339271,1.27779154769294,2.00098928853274,"Si"
2022-03-17,0.718175795673585,1.28316158002995,2.0093986235333,"Si"
2022-03-18,0.646814844593555,1.18310560684733,1.87863614665784,"Si"
2022-03-19,0.577150625728636,1.08393667021315,1.74777159227005,"Si"
2022-03-20,0.57281663231938,1.07579707168317,1.73464706251281,"Si"
2022-03-21,0.753371774965835,1.31803655676026,2.03803205592927,"Si"
2022-03-22,0.798931270233857,1.3714690644069,2.09616925915375,"Si"
2022-03-23,0.429091298917773,0.859564094368385,1.43706270330629,"Si"
2022-03-24,0.484551382348082,0.937754399587497,1.53807651739162,"Si"
2022-03-25,0.377799454810895,0.787839065299539,1.34600755819924,"Si"
2022-03-26,0.332157051693852,0.726401566640228,1.27226726053275,"Si"
2022-03-27,0.51937459704141,1.00514791857449,1.64861333707903,"Si"
2022-03-28,0.470619965248964,0.942755132162274,1.5761456855367,"Si"
2022-03-29,0.543015453762533,1.05090017149929,1.72365480409038,"Si"
2022-03-30,0.744505561629266,1.33020485869381,2.08306720967616,"Si"
2022-03-31,0.801009950678443,1.40138034421425,2.16690352737866,"Si"
2022-04-01,0.842480066651052,1.44622621724792,2.21042896048719,"Si"
2022-04-02,0.871491742956772,1.47046667169767,2.22356183286114,"Si"
2022-04-03,0.77115881946713,1.32379405344109,2.02330221824855,"Si"
2022-04-04,0.739973221936201,1.27025993372114,1.94148004742084,"Si"
2022-04-05,0.825194766156087,1.37060669774188,2.05214161886469,"Si"
2022-04-06,0.792960497783178,1.31706721113738,1.97197959361357,"Si"
2022-04-07,0.610338622040031,1.06779765659249,1.65109673340987,"Si"
2022-04-08,0.598590542603576,1.04724419456549,1.6193156615902,"Si"
2022-04-09,0.544077774598342,0.9721014006856,1.52228623960736,"Si"
2022-04-10,0.496232418248904,0.907671432152436,1.44127823573935,"Si"
2022-04-11,0.501395314729888,0.917115018404793,1.45627356868772,"Si"
2022-04-12,0.412215928076033,0.797763280047061,1.3084673001987,"Si"
2022-04-13,0.327307301154956,0.682545924627413,1.16611629688265,"Si"
2022-04-14,0.341055871690437,0.711216323226321,1.21509910937627,"Si"
2022-04-15,0.306747437532501,0.670832722202323,1.17494034835251,"Si"
2022-04-16,0.487737191121546,0.943919909175114,1.54818900048809,"Si"
2022-04-17,0.56487091276817,1.06087435236374,1.71058522788478,"Si"
2022-04-18,0.637205225661218,1.16552840661214,1.85072556663205,"Si"
2022-04-19,0.827500664952973,1.42051213294849,2.17112725515923,"Si"
2022-04-20,0.87099825926852,1.46963401743276,2.22230273717468,"Si"
2022-04-21,1.02051270603696,1.64860536692452,2.42489264694962,"Si"
2022-04-22,1.19641973228215,1.84875959539725,2.64077542316094,"Si"
2022-04-23,0.938569704815967,1.49765067543088,2.18525823031876,"Si"
2022-04-24,0.826198293433486,1.3346966996499,1.9631721925828,"Si"
2022-04-25,0.736557164191616,1.205837978718,1.78891210487992,"Si"
2022-04-26,0.575342245224902,0.987649526524848,1.5095350161722,"Si"
2022-04-27,0.699627174779043,1.14537887798247,1.69921844863025,"Si"
2022-04-28,0.601551553935287,1.01499700773832,1.53482472626842,"Si"
2022-04-29,0.598163004738977,1.00927951391368,1.5261790348748,"Si"
2022-04-30,0.597750813969418,1.00858402506492,1.52512735346708,"Si"
2022-05-01,0.555998197954057,0.954442962455047,1.4587817176752,"Si"
2022-05-02,0.647077713967444,1.07476329843266,1.60918992937631,"Si"
2022-05-03,0.5608855274584,0.962832696932215,1.47160468536723,"Si"
2022-05-04,0.394774134366301,0.741418516441982,1.19548517605321,"Si"
2022-05-05,0.405243857857287,0.761081524178557,1.22719039212807,"Si"
2022-05-06,0.290489007434645,0.605767385799047,1.03494167236567,"Si"
2022-05-07,0.441205568084234,0.828620594051964,1.33609238883778,"Si"
2022-05-08,0.46040935613344,0.864686898315701,1.39424676608376,"Si"
2022-05-09,0.378860547299584,0.758940868884604,1.26883570851147,"Si"
2022-05-10,0.550634612768263,1.00717988020158,1.59928624983464,"Si"
2022-05-11,0.510731084795874,0.959195271995217,1.54663486705669,"Si"
2022-05-12,0.521675014740784,0.979748878722327,1.57977611132262,"Si"
2022-05-13,0.53073773775016,0.996769423037678,1.60722054110974,"Si"
2022-05-14,0.372823183710695,0.777461864585416,1.32827831474157,"Si"
2022-05-15,0.329296472486631,0.720145703014791,1.26131033141459,"Si"
2022-05-16,0.287738005193959,0.666478254805861,1.20154993808736,"Si"
2022-05-17,0.193023402469205,0.525974584373947,1.02287435262649,"Si"
2022-05-18,0.324136105475526,0.750785999754449,1.3535428425712,"Si"
2022-05-19,0.477995381504463,0.996781307613239,1.70298127246208,"Si"
2022-05-20,0.426191656251215,0.93204791291085,1.63244973483333,"Si"
2022-05-21,0.440189428869548,0.962659949920386,1.68606566058854,"Si"
2022-05-22,0.452000284899746,0.988489370912494,1.73130499953817,"Si"
2022-05-23,0.387582447908152,0.897744715026725,1.61848507281431,"Si"
2022-05-24,0.552211351217021,1.15154659238028,1.96739471959686,"Si"
2022-05-25,0.47802278831826,1.04539855635569,1.83097947270574,"Si"
2022-05-26,0.404683976637557,0.937356434077892,1.68989844336355,"Si"
2022-05-27,0.490121579731533,1.07185766957408,1.87732169584574,"Si"
2022-05-28,0.415361859856854,0.962089270354492,1.73448765191249,"Si"
2022-05-29,0.421728219995637,0.976835464872319,1.76107259895638,"Si"
2022-05-30,0.428780969271831,0.993171520396207,1.79052380214536,"Si"
2022-05-31,0.355126249926195,0.883284673646098,1.64789046428145,"Si"
2022-06-01,0.363989181365364,0.905328922713639,1.68901707828766,"Si"
2022-06-02,0.215753598457996,0.664476153823064,1.36105829041402,"Si"
2022-06-03,0.151880637508047,0.557428985940501,1.22178303418248,"Si"
2022-06-04,0.241837265967657,0.744808417981308,1.52560429178854,"Si"
2022-06-05,0.257602626990042,0.793362446885841,1.62505837030332,"Si"
2022-06-06,0.370642640734009,1.00997395350771,1.96411858016572,"Si"
2022-06-07,0.191093295129276,0.701346422240937,1.53722390006827,"Si"
2022-06-08,0.114713618845858,0.556257254532297,1.33959497563382,"Si"
2022-06-09,0.123657327272961,0.59962614782545,1.44403721181312,"Si"
2022-06-10,0.236717596246257,0.868795731930169,1.90424235591461,"Si"
2022-06-11,0.253342618968036,0.929812525835501,2.03798007941667,"Si"
2022-06-12,0.399331389220068,1.22985752036683,2.5191389705898,"Si"
2022-06-13,0.711824844676928,1.77048014826929,3.30307707195826,"Si"
2022-06-14,0.693503943266624,1.72491164572557,3.21806268978472,"Si"
2022-06-15,0.811119628051883,1.87877021590663,3.38711161290711,"Si"
2022-06-16,0.75591250495804,1.75089573847139,3.15657510352013,"Si"
2022-06-17,0.837727030703288,1.83204368059183,3.20876124409204,"Si"
2022-06-18,0.648672989538806,1.50250031001675,2.7087592752786,"Si"
2022-06-19,0.60967257410931,1.41216490647966,2.54589950041811,"Si"
2022-06-20,0.691561574783693,1.51239122815334,2.64890101159352,"Si"
2022-06-21,0.990027552402544,1.91600463191208,3.14257307974654,"Si"
2022-06-22,0.9139016653036,1.7686778712214,2.90093216491704,"Si"
2022-06-23,0.842054627764275,1.62963198670996,2.67287329374452,"Si"
2022-06-24,0.692227120179721,1.38668292541756,2.3183266105287,"Si"
2022-06-25,1.00136862894492,1.78914098727631,2.80174959497782,"Si"
2022-06-26,1.09481107715916,1.87938509811274,2.87247402877383,"Si"
2022-06-27,0.773233778743464,1.41434171878042,2.24581259800415,"Si"
2022-06-28,0.52003359739882,1.04174148792262,1.7416360787853,"Si"
2022-06-29,0.704257878253014,1.288176131689,2.04547610141205,"Si"
2022-06-30,0.74880677758702,1.33788982259492,2.0951016690343,"Si"
2022-07-01,0.787884765459863,1.37841761252295,2.13139708938304,"Si"
2022-07-02,0.513692475384671,0.994151283797022,1.63057698797846,"Si"
2022-07-03,0.336382117446488,0.735641455922186,1.28845060754666,"Si"
2022-07-04,0.342122434931132,0.748195082565348,1.31043785112175,"Si"
2022-07-05,0.411218790978498,0.857529633229008,1.46507252374852,"Si"
2022-07-06,0.485626445753998,0.972816407833674,1.62640364577982,"Si"
2022-07-07,0.496867399598114,0.995334506744615,1.66405054181269,"Si"
2022-07-08,0.571072207127738,1.10519852842248,1.81271333343799,"Si"
2022-07-09,0.709789677803124,1.29829448799822,2.06154289189741,"Si"
2022-07-10,0.768830400130699,1.37366594216878,2.15112616863426,"Si"
2022-07-11,0.815061281214801,1.42596338267342,2.20491538687905,"Si"
2022-07-12,0.784607081785595,1.37268324995756,2.12253025282329,"Si"
2022-07-13,0.692247678636414,1.2368359257472,1.93685381904509,"Si"
2022-07-14,0.791437040800835,1.3586042483559,2.07650652476867,"Si"
2022-07-15,0.646740701934809,1.15552880779838,1.80952892603668,"Si"
2022-07-16,0.575400581172788,1.05247994763712,1.67121756656402,"Si"
2022-07-17,0.514257156362808,0.96581752639955,1.55731278620339,"Si"
2022-07-18,0.408147010464952,0.817608085515386,1.36691852686004,"Si"
2022-07-19,0.469078748638699,0.907810144214893,1.48896285176698,"Si"
2022-07-20,0.369901820458786,0.771369838605821,1.31787020809334,"Si"
2022-07-21,0.327610505673569,0.716458625085642,1.2548525417405,"Si"
2022-07-22,0.398111191427921,0.83019587494337,1.41837333495864,"Si"
2022-07-23,0.413978778280053,0.863285136018139,1.47490568714016,"Si"
2022-07-24,0.429077451554831,0.894770953397145,1.52869858728292,"Si"
2022-07-25,0.707134523157059,1.29343787659688,2.05383114944939,"Si"
2022-07-26,0.84510281723585,1.47852155383502,2.28618417800548,"Si"
2022-07-27,0.889810645256811,1.52747528932301,2.33461098663609,"Si"
2022-07-28,0.721131768698658,1.28844300421638,2.01766920040816,"Si"
2022-07-29,0.573298365964051,1.07670180736127,1.73610588511763,"Si"
2022-07-30,0.682643928521602,1.21967694706012,1.90998329183196,"Si"
2022-07-31,0.668436743415362,1.19429303103493,1.87023272049728,"Si"
2022-08-01,0.655272352754562,1.17077227132373,1.83339980488968,"Si"
2022-08-02,0.643739855208432,1.15016720796441,1.80113279612289,"Si"
2022-08-03,0.46820460891645,0.906118417805155,1.48618813307111,"Si"
2022-08-04,0.469958190184866,0.909512131267538,1.49175439966025,"Si"
2022-08-05,0.644181928321583,1.15095705807879,1.80236968145155,"Si"
2022-08-06,0.586665648334865,1.07308517065011,1.70393629981837,"Si"
2022-08-07,0.642860241541867,1.14859560604047,1.79867170720638,"Si"
2022-08-08,0.638449638620948,1.14071520092659,1.78633119184561,"Si"
2022-08-09,0.521662672498903,0.979725698969987,1.57973873560338,"Si"
2022-08-10,0.633752625594747,1.13232306811951,1.77318932384278,"Si"
2022-08-11,0.686981784354769,1.20188615461343,1.85843290773404,"Si"
2022-08-12,0.567692496921013,1.03838089321289,1.64882988356957,"Si"
2022-08-13,0.511168880292731,0.960017488193108,1.54796063280747,"Si"
2022-08-14,0.568015786981964,1.03897223134767,1.64976886077369,"Si"
2022-08-15,0.40895154433827,0.819219743528381,1.36961297819431,"Si"
2022-08-16,0.470991949465725,0.911512770103904,1.49503578721263,"Si"
2022-08-17,0.48074502553619,0.930387940679765,1.52599427339757,"Si"
2022-08-18,0.664129719930192,1.18659769084977,1.85818201214041,"Si"
2022-08-19,0.664755360539548,1.18771552021365,1.8599325046895,"Si"
2022-08-20,0.838044284902284,1.41403082738862,2.13822253763861,"Si"
2022-08-21,0.697903266561185,1.22099347092179,1.88797785695376,"Si"
2022-08-22,0.625003090469157,1.1166903116497,1.74870882207173,"Si"
2022-08-23,0.614967571775771,1.09875989391549,1.72063024079621,"Si"
2022-08-24,0.662437049286803,1.1589447289182,1.79203414083694,"Si"
2022-08-25,0.443230822927528,0.85778654106593,1.40691564478764,"Si"
2022-08-26,0.395793411493362,0.792861114092318,1.32554528909351,"Si"
2022-08-27,0.303572431492448,0.663889231616091,1.16277906435702,"Si"
2022-08-28,0.316262069034179,0.691640479236466,1.21138441628329,"Si"
2022-08-29,0.44293990378145,0.887305890876344,1.48344284103598,"Si"
2022-08-30,0.34485467498459,0.754170278470862,1.32090320042023,"Si"
2022-08-31,0.192796191547973,0.525355451313749,1.02167031093521,"Si"
2022-09-01,0.322646469786672,0.74733560468573,1.34732235157798,"Si"
2022-09-02,0.407609042966245,0.891409186941808,1.56127240959804,"Si"
2022-09-03,0.291656689121335,0.725420561056186,1.35337299607346,"Si"
2022-09-04,0.307137533370198,0.763925156148678,1.42520867598174,"Si"
2022-09-05,0.323472808113779,0.804554926051079,1.50100916520764,"Si"
2022-09-06,0.416997121752627,0.965876974706272,1.74131625569147,"Si"
2022-09-07,0.514978835930218,1.12621855022684,1.97253290116861,"Si"
2022-09-08,0.439685356933162,1.01842900160155,1.83605885863023,"Si"
2022-09-09,0.532371699823121,1.16425538706573,2.0391531074385,"Si"
2022-09-10,0.622781056466656,1.29870818807439,2.21881741339997,"Si"
2022-09-11,0.615504941516633,1.28353503859458,2.1928943857398,"Si"
2022-09-12,0.872418872617605,1.6384748896744,2.64192544224709,"Si"
2022-09-13,0.660145784645385,1.32241696571563,2.21088353050138,"Si"
2022-09-14,0.555178508967947,1.15773411530896,1.97796598090562,"Si"
2022-09-15,0.542559518038278,1.13141927050848,1.93300758577855,"Si"
2022-09-16,0.385033981974337,0.891841785634911,1.60784306852666,"Si"
2022-09-17,0.315916983839833,0.785761767901472,1.46594791368538,"Si"
2022-09-18,0.324002568913512,0.805872568988485,1.50346741145222,"Si"
2022-09-19,0.0288337582220961,0.238089625595102,0.663275244449032,"Si"
2022-09-20,0.031339880275371,0.258783482315541,0.720924639463768,"Si"
2022-09-21,0.23436373274976,0.721791491989855,1.47845831407321,"Si"
2022-09-22,0.256259831642244,0.789226916843915,1.61658749077448,"Si"
2022-09-23,0.276315488172982,0.850994162485178,1.74310643546857,"Si"
2022-09-24,0.399257874195504,1.08794836145067,2.11575712776024,"Si"
2022-09-25,0.650965522992197,1.50781043126427,2.71833254463913,"Si"
2022-09-26,0.64756087039988,1.49992434434844,2.70411523570648,"Si"
2022-09-27,0.751880881356945,1.64430484723811,2.87994316029949,"Si"
2022-09-28,0.383786521384038,1.04579006219464,2.0337709551571,"Si"
2022-09-29,0.278893916661158,0.858935185286077,1.75937217330633,"Si"
2022-09-30,0.383059683720083,1.04380948298344,2.02991927916615,"Si"
2022-10-01,0.495590873937456,1.23265408693051,2.29968771814579,"Si"
2022-10-02,0.285594753415919,0.879572367080599,1.80164367877814,"Si"
2022-10-03,0.29122670688977,0.896917610958622,1.83717224943279,"Si"
2022-10-04,0.519036437865756,1.29096886171036,2.40848204476957,"Si"
2022-10-05,0.63878718374245,1.47960213711094,2.66747766100401,"Si"
2022-10-06,0.867614074114705,1.80926746316613,3.0910978999241,"Si"
2022-10-07,0.819350396305705,1.70862144494465,2.91914615597592,"Si"
2022-10-08,0.552362874565031,1.27942029907205,2.30658295308605,"Si"
2022-10-09,0.529992875671299,1.22760539261695,2.21316925624868,"Si"
2022-10-10,0.515248174837297,1.19345271795426,2.15159763882446,"Si"
2022-10-11,0.237448341443881,0.731291444415993,1.49791723511009,"Si"
2022-10-12,0.419325228191225,1.04296302346402,1.94579264448227,"Si"
2022-10-13,0.424922811424838,1.05688556363314,1.97176708043458,"Si"
2022-10-14,0.628379741474997,1.3742174863508,2.40689447411624,"Si"
2022-10-15,0.722751645331825,1.50718052514645,2.57498830379339,"Si"
2022-10-16,0.800304733063555,1.60318611640347,2.68028758929815,"Si"
2022-10-17,0.7611323675288,1.52471526651658,2.54909605581272,"Si"
2022-10-18,1.00646779551891,1.84095603547557,2.92322725261043,"Si"
2022-10-19,0.755147871405125,1.46144096280916,2.39701144291058,"Si"
2022-10-20,0.629366906088713,1.26076011334186,2.10780248799377,"Si"
2022-10-21,0.527425009691735,1.09985872493947,1.87908701399193,"Si"
2022-10-22,0.516207258978494,1.07646593777648,1.83912089690588,"Si"
2022-10-23,0.438250529123935,0.958419727394359,1.67863905725371,"Si"
2022-10-24,0.439725919669674,0.961646291450023,1.68429027278043,"Si"
2022-10-25,0.30376605458073,0.755539474879331,1.40956402073915,"Si"
2022-10-26,0.312866256509928,0.778173872907681,1.45179163974866,"Si"
2022-10-27,0.254182329126737,0.692628164291977,1.34696923807507,"Si"
2022-10-28,0.196908848329233,0.606438247735694,1.24217821806831,"Si"
2022-10-29,0.209711608669426,0.645868083483376,1.32294304992161,"Si"
2022-10-30,0.304432435426759,0.829556010541694,1.61325583489976,"Si"
2022-10-31,0.412071434207167,1.02492108752367,1.91213290252099,"Si"
2022-11-01,0.52505907779854,1.21617739584056,2.19256647030612,"Si"
2022-11-02,0.433575213254215,1.07840617476145,2.01191677500299,"Si"
2022-11-03,0.43857876259399,1.09085120929938,2.03513471861119,"Si"
2022-11-04,0.3461598474435,0.943260141293444,1.83437876096679,"Si"
2022-11-05,0.450668384963627,1.12092101729439,2.09123412952161,"Si"
2022-11-06,0.355975471821159,0.970006996267329,1.88639395861892,"Si"
2022-11-07,0.266994897147374,0.822288683084985,1.68430849291916,"Si"
2022-11-08,0.185033658777065,0.679106477752933,1.48847798347271,"Si"
2022-11-09,0.393240650974448,1.0715518704434,2.08387051075882,"Si"
2022-11-10,0.405509742876281,1.10498424408909,2.1488871837418,"Si"
2022-11-11,1.03131394922112,2.06594830286133,3.45395680491111,"Si"
2022-11-12,0.73096226846134,1.59855747230863,2.79981821281721,"Si"
2022-11-13,0.69113462118014,1.51145751392111,2.64726564335793,"Si"
2022-11-14,0.763889347479024,1.59296648485474,2.72155192984413,"Si"
2022-11-15,0.825261682160132,1.65318036565183,2.76387050236458,"Si"
2022-11-16,0.974695221905436,1.8305583433632,2.95164649231212,"Si"
2022-11-17,1.18779337068907,2.07806442511957,3.21323554415666,"Si"
2022-11-18,0.895529485630997,1.63803593007039,2.6010133752596,"Si"
2022-11-19,0.902518161843377,1.61252528633397,2.52517386835763,"Si"
2022-11-20,0.910595438640006,1.59310199350261,2.46335575024093,"Si"
2022-11-21,0.988118585594825,1.66725096312737,2.52112861771355,"Si"
2022-11-22,0.785232655464789,1.37377770160219,2.1242225636503,"Si"
2022-11-23,0.56136672278626,1.05429319338814,1.69997357222458,"Si"
2022-11-24,0.433454224376954,0.868303992102448,1.45167450613358,"Si"
2022-11-25,0.378474783275269,0.789247352525386,1.34841358924492,"Si"
2022-11-26,0.385712657232689,0.804340756660192,1.37420037355052,"Si"
2022-11-27,0.340406731359663,0.744442972664775,1.30386616019534,"Si"
2022-11-28,0.412013838813633,0.859187575651438,1.46790508579062,"Si"
2022-11-29,0.488508884978797,0.978590566545549,1.63605717619387,"Si"
2022-11-30,0.500798716177504,1.00320979711699,1.67721685034745,"Si"
2022-12-01,0.445439495860445,0.928891324742246,1.58699257109496,"Si"
2022-12-02,0.390247838462594,0.853441586718051,1.49477346886874,"Si"
2022-12-03,0.336583659172807,0.779617866643822,1.40552192459835,"Si"
2022-12-04,0.349047837516413,0.808488240664925,1.45757042860801,"Si"
2022-12-05,0.231382584644757,0.630500536375695,1.22614827243711,"Si"
2022-12-06,0.244425575007524,0.66604172644535,1.29526600714162,"Si"
2022-12-07,0.407365047176164,0.943566511236025,1.70109418421641,"Si"
2022-12-08,0.676119478649953,1.35441578241357,2.26438076977397,"Si"
2022-12-09,0.678678440197835,1.35954194430727,2.27295094635161,"Si"
2022-12-10,0.75465208898857,1.46048147294018,2.39543771653105,"Si"
2022-12-11,0.901550163516606,1.64904850627056,2.6185000844745,"Si"
2022-12-12,0.772013087524316,1.44990451044842,2.3378689775,"Si"
2022-12-13,0.733866564264001,1.37826218076925,2.22235076314465,"Si"
2022-12-14,0.556499101271783,1.11478989951079,1.86376210582261,"Si"
2022-12-15,0.407086584661281,0.890266611376137,1.55927122794915,"Si"
2022-12-16,0.543863027982809,1.08947707000247,1.82144283790544,"Si"
2022-12-17,0.613257420016151,1.18683975456437,1.94661881320448,"Si"
2022-12-18,0.538294689833966,1.07832246595872,1.80279400700795,"Si"
2022-12-19,0.605309428295619,1.17145797158875,1.92139007612703,"Si"
2022-12-20,0.669586886321172,1.2575396224531,2.02769413442331,"Si"
2022-12-21,0.657918066508161,1.235624612524,1.99235772331096,"Si"
2022-12-22,0.577718197396902,1.11806054232145,1.83380922118117,"Si"
2022-12-23,0.570377312393006,1.10385369561737,1.81050757918264,"Si"
2022-12-24,0.631167326408702,1.18538450733042,1.91134908963061,"Si"
2022-12-25,0.55817599483627,1.08024043263554,1.77177781656322,"Si"
2022-12-26,0.428742299597648,0.894072048723468,1.52750452238481,"Si"
2022-12-27,0.559714494096229,1.08321789695067,1.77666136384008,"Si"
2022-12-28,0.760279160840667,1.35838748000852,2.12720048280301,"Si"
2022-12-29,0.812335055047345,1.42119380426591,2.19754036102114,"Si"
2022-12-30,0.594289626231255,1.11612513247486,1.79967322221381,"Si"
2022-12-31,0.46250565729588,0.926500391540148,1.54897018849929,"Si"
2023-01-01,0.462791130491757,0.927072257037538,1.54992626214521,"Si"
2023-01-02,0.527759310240383,1.02137489052845,1.67522832765838,"Si"
2023-01-03,0.471045353194092,0.943607277625794,1.57757034539795,"Si"
2023-01-04,0.477301364790743,0.956139442589279,1.59852225227575,"Si"
2023-01-05,0.547040094352362,1.05868907595269,1.73642993054273,"Si"
2023-01-06,0.680852253054992,1.2453643028712,1.97749582251206,"Si"
2023-01-07,0.610520384889314,1.14660784133901,1.84882444485649,"Si"
2023-01-08,0.605016150520916,1.13627043337758,1.83215610207485,"Si"
2023-01-09,0.792063529175794,1.38572842973522,2.14270154050561,"Si"
2023-01-10,0.707335232967455,1.26379279364894,1.97906759328799,"Si"
2023-01-11,0.627719098115952,1.1481770876375,1.82317366016716,"Si"
2023-01-12,0.556998678245639,1.04608964401361,1.68674592623142,"Si"
2023-01-13,0.552424073076707,1.03749815667339,1.672892757572,"Si"
2023-01-14,0.609231454339975,1.11436086466182,1.76947737265244,"Si"
2023-01-15,0.605934066715238,1.10832952846201,1.7599003018212,"Si"
2023-01-16,0.432112715791309,0.865616655828291,1.44718168150755,"Si"
2023-01-17,0.327672944511915,0.716595173955408,1.25509170237072,"Si"
2023-01-18,0.338111398463524,0.739423258637289,1.29507430441239,"Si"
2023-01-19,0.295295195077409,0.683982729827724,1.23310760816453,"Si"
2023-01-20,0.197790552388712,0.538964717515761,1.04813655050204,"Si"
2023-01-21,0.270172924347265,0.671985254144637,1.25368199571679,"Si"
2023-01-22,0.491569296908834,1.02508749145881,1.75134183120821,"Si"
2023-01-23,0.511026485558869,1.06566228087208,1.82066306142906,"Si"
2023-01-24,0.598653714258388,1.19923484590488,2.00494143583501,"Si"
2023-01-25,0.37815190741684,0.875901058453485,1.57910457688076,"Si"
2023-01-26,0.612837804458245,1.22764869320924,2.05244514205781,"Si"
2023-01-27,0.612258362093149,1.22648794291426,2.05050454103957,"Si"
2023-01-28,0.684646134495664,1.324998644463,2.17322286253281,"Si"
2023-01-29,0.518188497939521,1.08059748807735,1.84617956938987,"Si"
2023-01-30,0.440508590122474,0.963357930688683,1.68728814980218,"Si"
2023-01-31,0.515384002653271,1.07474917115465,1.83618783487529,"Si"
2023-02-01,0.516535189453012,1.07714978322739,1.84028923341787,"Si"
2023-02-02,0.303669434307182,0.755299156945056,1.40911567419346,"Si"
2023-02-03,0.311587430355383,0.774993123687363,1.44585750948939,"Si"
2023-02-04,0.186302412197476,0.573772633178301,1.17526866044309,"Si"
2023-02-05,0.132483454121531,0.486237868740493,1.06574504302436,"Si"
2023-02-06,0.143044835161083,0.525000017883412,1.15070462960087,"Si"
2023-02-07,0.0346229442741211,0.285892798841201,0.796446361590302,"Si"
2023-02-08,0.0387084544920094,0.319628172171638,0.890427096518995,"Si"
2023-02-09,0.0438826282935361,0.362352991242411,1.00945082442136,"Si"
2023-02-10,0.0501230193808411,0.413881909744783,1.15300120352934,"Si"
2023-02-11,0.00600209888250956,0.237070242662159,0.874523547338244,"Si"
2023-02-12,0.0070133234690977,0.277011480356024,1.02186195843902,"Si"
2023-02-13,0.0793560567387636,0.655268511725154,1.82546123632191,"Si"
2023-02-14,0.0919653818182918,0.759387768884325,2.11551892183209,"Si"
2023-02-15,0.471477700718741,1.73040712046842,3.79273793674328,"Si"
2023-02-16,0.492985742316876,1.80934546319811,3.96575643833931,"Si"
2023-02-17,0.490394688954655,1.79983583595452,3.9449130636303,"Si"
2023-02-18,0.475337732041141,1.7445741228003,3.8237894312491,"Si"
2023-02-19,0.455952310998754,1.67342617549783,3.66784606066101,"Si"
2023-02-20,0.247842732466553,1.2018129957427,2.89424117641755,"Si"
2023-02-21,0.431504661599271,1.58369894866379,3.47118028579983,"Si"
2023-02-22,0.0933989623250079,0.771225304715604,2.14849618597177,"Si"
2023-02-23,0.245264986313122,1.18931325933289,2.86413894592097,"Si"
2023-02-24,0.25057842873725,1.2150786473025,2.92618790616035,"Si"
2023-02-25,0.449813429551567,1.65089538739962,3.61846266772764,"Si"
2023-02-26,0.443467000870804,1.62760286399503,3.56740968943477,"Si"
2023-02-27,0.871500613286328,2.37477511530265,4.61827744317718,"Si"
2023-02-28,0.588842915517814,1.81351355669468,3.71465198098707,"Si"
2023-03-01,0.546346812544548,1.68263440910243,3.4465699018216,"Si"
2023-03-02,0.512386439979549,1.57804353365159,3.23233455670804,"Si"
2023-03-03,0.485560942721039,1.49542658834861,3.06310880242575,"Si"
2023-03-04,0.311805559940496,1.14438193004709,2.50827721920039,"Si"
2023-03-05,0.306971658690036,1.12664065165643,2.4693915611361,"Si"
2023-03-06,0.173961691963654,0.843556799437411,2.03147813530672,"Si"
2023-03-07,0.178704871604908,0.866556928903668,2.08686771921036,"Si"
2023-03-08,0.185980907738392,0.901839120540632,2.17183532414698,"Si"
2023-03-09,0.0762007741245311,0.629214327234779,1.75287892391086,"Si"
2023-03-10,0.0818433039248536,0.675806512589878,1.88267644471243,"Si"
2023-03-11,0.0889451393301196,0.73444865419534,2.04604299506572,"Si"
2023-03-12,0.248074524718193,1.20293697842947,2.8969479843695,"Si"
2023-03-13,0.262378823099791,1.27229988255378,3.06398975704432,"Si"
2023-03-14,0.2720092070772,1.31899853093801,3.17645080673796,"Si"
2023-03-15,0.278171343573275,1.34887931722866,3.2484105894766,"Si"
2023-03-16,0.281879751571815,1.36686174052511,3.29171638675182,"Si"
2023-03-17,0.500175600343566,1.83573352249673,4.02359426875219,"Si"
2023-03-18,0.722921759162799,2.22644847398464,4.56047389550619,"Si"
2023-03-19,0.45033550955066,1.65281151396618,3.62266246893893,"Si"
2023-03-20,0.425843245239425,1.56292054246117,3.42563779551672,"Si"
2023-03-21,0.407223904147887,1.49458424499872,3.27585705040961,"Si"
2023-03-22,0.392838322831277,1.44178659984097,3.16013420727527,"Si"
2023-03-23,0.568493283859536,1.7508409288792,3.58627852592851,"Si"
2023-03-24,0.363637782317549,1.33461541624214,2.92523444932067,"Si"
2023-03-25,0.200843680815369,0.97391012161022,2.34539881502297,"Si"
2023-03-26,0.202274029399612,0.980846018014675,2.36210204342893,"Si"
2023-03-27,0.0810335138132786,0.669119814900648,1.86404849721873,"Si"
2023-03-28,0.0857425243730453,0.708003631309951,1.97237187657442,"Si"
2023-03-29,0.414803469806537,1.52240260070418,3.33682983061485,"Si"
2023-03-30,0.423375088298561,1.55386196696885,3.40578304427571,"Si"
2023-03-31,0.850566244654588,2.31773049947184,4.50734152303531,"Si"
2023-04-01,0.790431604126938,2.15386802397199,4.18867455978996,"Si"
2023-04-02,0.921498024215002,2.29198793880608,4.27602242096631,"Si"
2023-04-03,0.823850271374828,2.04911441560797,3.82290806854298,"Si"
2023-04-04,0.741076691642226,1.84323654998743,3.43881426313112,"Si"
2023-04-05,0.389896824743871,1.20080102647313,2.45962203882807,"Si"
2023-04-06,0.647106888850393,1.60951097602938,3.00276668291633,"Si"
2023-04-07,0.753018597173488,1.74419267326971,3.1444905868536,"Si"
2023-04-08,0.840101149846133,1.83723569399621,3.21785487628393,"Si"
2023-04-09,0.65212564980339,1.51049759555442,2.72317705691419,"Si"
2023-04-10,0.613296174670631,1.42055813550964,2.56103110261009,"Si"
2023-04-11,0.695522576229723,1.52105362939151,2.66407290824002,"Si"
2023-04-12,0.881229259896759,1.76529571358014,2.9513106083806,"Si"
2023-04-13,0.717655858259758,1.49655409339093,2.55683325400008,"Si"
2023-04-14,0.397067497719976,0.987602677109766,1.84251021518356,"Si"
2023-04-15,0.389526629339,0.968846717874755,1.80751836341255,"Si"
2023-04-16,0.569272132592292,1.24495375561319,2.18049351334678,"Si"
2023-04-17,0.562832473139521,1.23087072262843,2.15582756737646,"Si"
2023-04-18,0.465594049412621,1.07844046979941,1.94424959910483,"Si"
2023-04-19,0.377559476326837,0.939081520722985,1.75198724641559,"Si"
2023-04-20,0.381249028714028,0.948258327779342,1.7691078568959,"Si"
2023-04-21,0.387455720855858,0.963695868777953,1.79790873770204,"Si"
2023-04-22,0.30885615317862,0.841610316269179,1.63669810860209,"Si"
2023-04-23,0.234586267354403,0.722476852230624,1.47986214960929,"Si"
2023-04-24,0.521847677417389,1.20873893278432,2.17915615307485,"Si"
2023-04-25,0.735947576651552,1.53469848491136,2.62200219719014,"Si"
2023-04-26,0.824912076302097,1.65248002834948,2.76269964306096,"Si"
2023-04-27,0.687243681056583,1.43313446438838,2.44848206435303,"Si"
2023-04-28,0.657629554072682,1.37137903879006,2.34297413351244,"Si"
2023-04-29,0.723701870368159,1.44973376147373,2.42373818542142,"Si"
2023-04-30,0.604812657156694,1.26123802569849,2.15480037745147,"Si"
2023-05-01,0.421661165523035,0.976680148761586,1.76079258972594,"Si"
2023-05-02,0.418587506068121,0.969560730567255,1.74795745755331,"Si"
2023-05-03,0.342690670945567,0.852354388082058,1.59018571273392,"Si"
2023-05-04,0.349586813181856,0.869506757826236,1.6221858451766,"Si"
2023-05-05,0.611685063578841,1.27556930697229,2.17928508982846,"Si"
2023-05-06,0.524950794102549,1.14802644502213,2.01072867585218,"Si"
2023-05-07,0.610223415704719,1.27252127902974,2.17407759399716,"Si"
2023-05-08,0.516686247369166,1.1299525258803,1.9790728305874,"Si"
2023-05-09,0.35043792232622,0.871623671636391,1.62613524244969,"Si"
2023-05-10,0.277714772017011,0.756752341517017,1.47167293710426,"Si"
2023-05-11,0.211327805234861,0.650845632341415,1.33313865152476,"Si"
2023-05-12,0.0846460626234785,0.410456813023862,0.988474091728925,"Si"
2023-05-13,0.161435720814325,0.592497843204899,1.29864759615268,"Si"
2023-05-14,0.175239187861635,0.643159025333776,1.40968770059263,"Si"
2023-05-15,0.190154801588191,0.697901983822043,1.52967431702069,"Si"
2023-05-16,0.306375701498429,0.943573359663586,1.93273804694864,"Si"
2023-05-17,0.324755959212444,1.00018072584137,2.0486879190268,"Si"
2023-05-18,0.588318737242802,1.46329065771227,2.72997233311252,"Si"
2023-05-19,0.461028364969443,1.25626840863552,2.44309282878692,"Si"
2023-05-20,0.3387134164852,1.04316678768244,2.13673703185715,"Si"
2023-05-21,0.229267292016156,0.84145178868583,1.84430940160795,"Si"
2023-05-22,0.351419690382331,1.08229946527823,2.2168931893978,"Si"
2023-05-23,0.358710031740306,1.10475219848976,2.26288352103601,"Si"
2023-05-24,0.494362093504018,1.34710036883996,2.61973574130045,"Si"
2023-05-25,0.363000598783469,1.11796625149716,2.28995010016337,"Si"
2023-05-26,0.364242382708415,1.12179068739174,2.29778376003291,"Si"
2023-05-27,0.496944341295995,1.35413680427608,2.63341965218768,"Si"
2023-05-28,0.492015489804655,1.3407060462362,2.60730056137329,"Si"
2023-05-29,0.484126945195063,1.31921034198859,2.56549739213328,"Si"
2023-05-30,0.475472005879048,1.29562626849652,2.51963292525185,"Si"
2023-05-31,0.344432623988273,1.06078075580033,2.17281603513817,"Si"
2023-06-01,0.23108629623607,0.848127858093787,1.85894213249097,"Si"
2023-06-02,0.352284623592902,1.0849632794495,2.22234952720777,"Si"
2023-06-03,0.240592873839038,0.88301869078934,1.93541649695913,"Si"
2023-06-04,0.501321271898585,1.36606361846069,2.65661399028008,"Si"
2023-06-05,0.502003917842432,1.36792377848272,2.66023148442303,"Si"
2023-06-06,0.365762550842847,1.12647248867965,2.30737357664306,"Si"
2023-06-07,0.365365916487772,1.12525093746281,2.30487145162129,"Si"
2023-06-08,0.366568812017427,1.12895560519817,2.31245978824622,"Si"
2023-06-09,0.247383597359297,0.907941855373106,1.99004354437613,"Si"
2023-06-10,0.253159213024582,0.929139393362838,2.03650469536668,"Si"
2023-06-11,0.0579946488884848,0.478880489113532,1.3340756561095,"Si"
2023-06-12,0.00650275086706408,0.256844939779113,0.947470021244302,"Si"
2023-06-13,0.00726399003109111,0.286912280699756,1.0583848174063,"Si"
2023-06-14,0.00831391064094025,0.328381929671762,1.21136135346845,"Si"
2023-06-15,0.0925236171641647,0.763997297877011,2.12836024770581,"Si"
2023-06-16,0.105316400444694,0.869631428472111,2.42263810049969,"Si"
2023-06-17,0.301049075722384,1.45981561758449,3.51557062983784,"Si"
2023-06-18,0.318993010121759,1.54682746312583,3.72511509898065,"Si"
2023-06-19,0.326591981939069,1.58367560062592,3.81385386050582,"Si"
2023-06-20,0.327409039684644,1.58763759138971,3.82339524244274,"Si"
2023-06-21,0.571493365309889,2.09748241990055,4.59730028356301,"Si"
2023-06-22,0.307842499470622,1.49275757583748,3.59490241635152,"Si"
2023-06-23,0.29878043929234,1.44881478363989,3.48907810005975,"Si"
2023-06-24,0.114721157501557,0.947289535654459,2.63897974031737,"Si"
2023-06-25,0.117305694699781,0.968630891475022,2.69843295237303,"Si"
2023-06-26,0.12224652204357,1.00942889371086,2.81208891213343,"Si"
2023-06-27,0.128544624173921,1.06143435087759,2.95696684299131,"Si"
2023-06-28,0.135589811849288,1.11960873393771,3.11903030144077,"Si"
2023-06-29,0.142944518168215,1.18033891209719,3.28821374932716,"Si"
2023-06-30,0.15027331554269,1.24085515176012,3.45680120270837,"Si"
2023-07-01,0.157319146871943,1.29903484967763,3.61887946740283,"Si"
2023-07-02,0.163894804929766,1.35333217550554,3.77014213570021,"Si"
2023-07-03,0.169877384956794,1.40273226507265,3.90776197697439,"Si"
2023-07-04,0.175201147339251,1.44669228522101,4.03022675483698,"Si"
2023-07-05,0.0187992639819031,0.742531264695915,2.739108326374,"Si"
2023-07-06,0.0203631992361107,0.804303407654658,2.96697831537109,"Si"
2023-07-07,0.022664785399212,0.895211205222658,3.30232622203844,"Si"
2023-07-08,0.0256352294977083,1.01253748008577,3.7351287068087,"Si"
2023-07-09,0.0292635702671996,1.15584928542621,4.26378868106104,"Si"
2023-07-10,0.320981452251677,2.65044720153785,7.38367331674043,"Si"
2023-07-11,0.330908380077005,2.73241704088508,7.61202667356809,"Si"
2023-07-12,0.322326340893467,2.66155238008324,7.41461036406425,"Si"
2023-07-13,0.781497814032634,3.78955727166897,9.12612256225348,"Si"
2023-07-14,0.676495391916985,3.28039053424979,7.89993234603763,"Si"
2023-07-15,0.579766609049365,2.81134346090715,6.77035947725076,"Si"
2023-07-16,0.505063783980938,2.44910235303829,5.89799985566317,"Si"
2023-07-17,0.176138660723997,1.45443363510144,4.05179277528608,"Si"
2023-07-18,0.168548583450186,1.39175992318223,3.87719498888595,"Si"
2023-07-19,0.166568807635023,1.37541227682397,3.83165336099125,"Si"
2023-07-20,0.0175014207213103,0.691269194085453,2.55000872732373,"Si"
2023-07-21,0.0187231203583107,0.739523752211436,2.72801397536201,"Si"
2023-07-22,0.197889800396944,1.63403979885951,4.55214352292336,"Si"
2023-07-23,0.208657156665063,1.72294932646182,4.7998296138518,"Si"
2023-07-24,0.214314473287038,1.76966361136439,4.92996728222173,"Si"
2023-07-25,0.216590453729178,1.7884571147002,4.9823226315485,"Si"
2023-07-26,0.216807278312986,1.79024750510234,4.98731033997416,"Si"
2023-07-27,0.215886899777136,1.78264764318637,4.96613847976608,"Si"
2023-07-28,0.214423249933875,1.77056181516146,4.93246951784656,"Si"
2023-07-29,0.212774792639639,1.75694997250914,4.89454935127041,"Si"
2023-07-30,0.211144203855574,1.74348567589865,4.85704022165867,"Si"
2023-07-31,0.209636515864879,1.73103621071087,4.82235823144157,"Si"
2023-08-01,0.208298077625426,1.71998429521449,4.79156956547527,"Si"
2023-08-02,0.207141405505113,1.7104332810893,4.76496214311157,"Si"
2023-08-03,0.206160535171644,1.70233391892311,4.74239876426953,"Si"
2023-08-04,0.205340271143149,1.69556073472946,4.72352988079546,"Si"
2023-08-05,0.0213930020376696,0.844978445643648,3.11702362730398,"Si"
2023-08-06,0.217721128395635,1.79779345947818,5.0083320233874,"Si"
2023-08-07,1.00280369105381,3.68046812136867,8.06691726113017,"Si"
2023-08-08,0.886312652733014,3.25292526648121,7.12982102167627,"Si"
2023-08-09,0.75703001877855,2.77843497774289,6.08982453909883,"Si"
2023-08-10,0.652470226961636,2.39468192219251,5.24870758175929,"Si"
2023-08-11,0.574592286269824,2.10885601166674,4.62222912976251,"Si"
2023-08-12,0.517529020334411,1.89942366408955,4.1631914845509,"Si"
2023-08-13,0.269931780094643,1.30892488980077,3.15219116977351,"Si"
2023-08-14,0.0106419678199589,0.420335276520087,1.55056616539425,"Si"
2023-08-15,0.0111760088636537,0.441428771029018,1.62837752390371,"Si"
2023-08-16,0.0122590104876241,0.484205050264662,1.78617406149952,"Si"
2023-08-17,0.132120768929469,1.0909637295789,3.03923042683116,"Si"
2023-08-18,0.369636916466722,1.79240458453191,4.31652109914653,"Si"
2023-08-19,0.379291755528043,1.8392218179453,4.42926772877276,"Si"
2023-08-20,0.375703151402571,1.82182033503053,4.38736096910126,"Si"
2023-08-21,0.365704851707404,1.7733376283181,4.27060349800689,"Si"
2023-08-22,0.353616470463026,1.71471991727045,4.12943861330148,"Si"
2023-08-23,0.601951344827948,2.20926862856489,4.84231533776088,"Si"
2023-08-24,0.318323581908315,1.54358134201255,3.71729769525561,"Si"
2023-08-25,0.305431221855782,1.48106506121332,3.56674416094823,"Si"
2023-08-26,0.297322004267166,1.4417426934105,3.47204688570467,"Si"
2023-08-27,0.514425390487225,1.8880327898686,4.13822475835137,"Si"
2023-08-28,0.731689167252357,2.25345026513892,4.61578214320645,"Si"
2023-08-29,1.4310722854911,3.31474654761792,5.97593917032713,"Si"
2023-08-30,1.20713089559045,2.79603833380663,5.04079414842102,"Si"
2023-08-31,1.01749008738293,2.35677945033408,4.24888311391247,"Si"
2023-09-01,1.04551181740141,2.28645280366123,4.00464313190594,"Si"
2023-09-02,0.910352627678594,1.9908701970003,3.48694040312881,"Si"
2023-09-03,0.679539202998453,1.57399472405908,2.83765186576705,"Si"
2023-09-04,0.509813956521845,1.26803032527224,2.36568701323697,"Si"
2023-09-05,0.379989291120816,1.03544288882644,2.01364857933334,"Si"
2023-09-06,0.373470434318335,1.0176794831802,1.97910369334333,"Si"
2023-09-07,0.372926604785041,1.01619758767382,1.97622181853078,"Si"
2023-09-08,0.185885175787396,0.682231696815536,1.49532789570386,"Si"
2023-09-09,0.498195484315468,1.23913238141929,2.31177387794385,"Si"
2023-09-10,0.503272974475418,1.25176132461852,2.33533492874988,"Si"
2023-09-11,0.50217158442862,1.24902190181256,2.33022415432543,"Si"
2023-09-12,0.389645698246377,1.06175588849094,2.06482004901475,"Si"
2023-09-13,0.287931971693078,0.886770512662185,1.81638776803259,"Si"
2023-09-14,0.398365937118317,1.08551789847333,2.11103055290589,"Si"
2023-09-15,0.403852818244923,1.10046924625375,2.14010676806178,"Si"
2023-09-16,0.201991467875514,0.741344656921889,1.62489276150716,"Si"
2023-09-17,0.209443044320684,0.76869326942208,1.68483594997409,"Si"
2023-09-18,0.566855044226777,1.40990527410618,2.63037447162883,"Si"
2023-09-19,0.445656734857951,1.21438184640724,2.36163510916344,"Si"
2023-09-20,0.569750665841362,1.41710738375979,2.64381100933291,"Si"
2023-09-21,0.43777488472676,1.19290438412122,2.31986741546771,"Si"
2023-09-22,0.553739011228488,1.37728253521028,2.56951221289247,"Si"
2023-09-23,0.665218923505533,1.54082512285072,2.77785256700388,"Si"
2023-09-24,0.640415404212752,1.48337353163615,2.67427686086628,"Si"
2023-09-25,0.500518836223618,1.24491111822735,2.32255491554782,"Si"
2023-09-26,0.487089474853624,1.21150905606654,2.26023872082101,"Si"
2023-09-27,0.373893395701924,1.01883202186252,1.98134506068993,"Si"
2023-09-28,0.373466894943593,1.01766983864417,1.97908493740181,"Si"
2023-09-29,0.376218699662517,1.02516830424367,1.99366736851855,"Si"
2023-09-30,0.188354716452666,0.69129535082283,1.51519377812677,"Si"
2023-10-01,0.19590671290027,0.719012522614338,1.57594478158104,"Si"
2023-10-02,0.206258810396152,0.757006563883625,1.65922081528877,"Si"
2023-10-03,0.440878362071599,1.20136113177816,2.33631343879641,"Si"
2023-10-04,0.578274549138716,1.43830833828812,2.68336434003509,"Sottostima"
2023-10-05,0.705479526818972,1.63407945891134,2.94597469388807,"Sottostima"
2023-10-06,0.680836693294619,1.57700005895613,2.84306998696371,"Sottostima"
2023-10-07,0.774932400604447,1.6947167220107,2.96823781818671,"Sottostima"
2023-10-08,0.97383830343165,1.95081196347186,3.26146605266139,"Sottostima"
2023-10-09,0.781591473438189,1.62988137764214,2.78462029861443,"Sottostima"
2023-10-10,0.523163897554285,1.21178765100695,2.18465248722414,"Sottostima"
2023-10-11,0.409190105618342,1.01775452807396,1.89876268866895,"Forte sottostima"
2023-10-12,0.403606817529373,1.00386754337891,1.87285458640093,"Forte sottostima"
2023-10-13,0.403623819224721,1.00390983069766,1.87293347927817,"Forte sottostima"
2023-10-14,0.318105058526923,0.866812903542313,1.68571013486227,"Forte sottostima"
2023-10-15,0.239702381115688,0.738233417214554,1.51213660110983,"Forte sottostima"
2023-10-16,0.249259324196109,0.767666811724636,1.57242554508846,"Forte sottostima"
2023-10-17,0.354093627541486,0.964879108922087,1.87642164321731,"Forte sottostima"
