"Data","R.lowerCI","R.medio","R.upperCI","Consolidato"
2020-02-06,0.029632394678258,1.1704170715192,4.31752748787139,"Si"
2020-02-07,0.0299973281067052,1.18483117200822,4.37069936701485,"Si"
2020-02-08,0.0318492293429807,1.25797736370951,4.64052685072844,"Si"
2020-02-09,0.0347322932610542,1.37185230580018,5.0605977849451,"Si"
2020-02-10,0.0384613636859422,1.51914272000989,5.60393436771124,"Si"
2020-02-11,0.0429348125572308,1.69583451236665,6.25572909024668,"Si"
2020-02-12,0.048068791566411,1.89861585158709,7.00376500617465,"Si"
2020-02-13,0.0537678825629933,2.12371792203958,7.83413940894536,"Si"
2020-02-14,0.0599118675080698,2.36639236482266,8.7293361749664,"Si"
2020-02-15,0.0663530652217917,2.62080608490928,9.66783771983864,"Si"
2020-02-16,0.0729222245655588,2.8802740194099,10.6249836524194,"Si"
2020-02-17,0.0794409765400768,3.13775096917439,11.5747850823135,"Si"
2020-02-18,0.820232657123438,6.77292515013666,18.8681618250414,"Si"
2020-02-19,0.691200191047939,5.70746253160137,15.8999729466141,"Si"
2020-02-20,0.553674301781757,4.57186698305,12.7364062301812,"Si"
2020-02-21,1.1559002168901,5.60507015321824,13.4982937375612,"Si"
2020-02-22,1.54273643666262,5.66211744677952,12.4103324522171,"Si"
2020-02-23,1.11966494389248,4.109369729463,9.00699164068382,"Si"
2020-02-24,1.28160778887128,3.94708510238203,8.08488441708209,"Si"
2020-02-25,1.35221833113823,3.6846955633617,7.16570857408521,"Si"
2020-02-26,1.35951036864561,3.38143032945943,6.30852879236174,"Si"
2020-02-27,2.11802705060361,4.24287327240517,7.09345001097202,"Si"
2020-02-28,4.03943873687615,6.44562478588677,9.40496662137401,"Si"
2020-02-29,3.46948891698245,5.26472798634647,7.4283408947762,"Si"
2020-03-01,3.6948533253653,5.19598507162354,6.94902635565839,"Si"
2020-03-02,3.86999560861951,5.12318065409525,6.5494430409706,"Si"
2020-03-03,3.43869163474862,4.41112922456675,5.50281540414956,"Si"
2020-03-04,3.09714390210653,3.8720546266589,4.73218277043139,"Si"
2020-03-05,3.07736216345724,3.73739825716132,4.46060592255719,"Si"
2020-03-06,2.93728556887388,3.49396786299185,4.09824160656829,"Si"
2020-03-07,2.87448106417067,3.35438836639333,3.87079915447421,"Si"
2020-03-08,2.67784004725742,3.08472387094079,3.51996384764147,"Si"
2020-03-09,2.8086675610989,3.17777030599232,3.56932846826347,"Si"
2020-03-10,2.94187911610903,3.27667232887385,3.62924703049058,"Si"
2020-03-11,2.77280532673064,3.06055625150281,3.36230867859705,"Si"
2020-03-12,2.70186711172737,2.95471929068875,3.21871955710384,"Si"
2020-03-13,2.77441611450434,3.00351409118657,3.24157101247909,"Si"
2020-03-14,2.58040626207463,2.77817815544543,2.98314868265501,"Si"
2020-03-15,2.34966953605076,2.51982263507609,2.69583923905374,"Si"
2020-03-16,2.10128467455821,2.24785975796484,2.39930644723069,"Si"
2020-03-17,1.84411895933434,1.97071444341731,2.10145292188279,"Si"
2020-03-18,1.71438247406617,1.82834146286446,1.94591545996302,"Si"
2020-03-19,1.52065369808367,1.62184598526305,1.72625170470173,"Si"
2020-03-20,1.32975142062419,1.4199382816014,1.51304226578905,"Si"
2020-03-21,1.21337534747654,1.29638142465758,1.3820948317271,"Si"
2020-03-22,1.13325754472785,1.21123577244472,1.29177171148908,"Si"
2020-03-23,1.06432511958475,1.13830049645601,1.21472600182246,"Si"
2020-03-24,1.02783362262937,1.09940106808275,1.1733430073791,"Si"
2020-03-25,0.960588090894494,1.02900747057232,1.09974719309098,"Si"
2020-03-26,0.931018963841558,0.997921681663329,1.06711278240424,"Si"
2020-03-27,0.887316717001179,0.952420419823246,1.01979617825543,"Si"
2020-03-28,0.854566009312085,0.918465383987656,0.984635895730098,"Si"
2020-03-29,0.823246543786067,0.886161546407301,0.951360218060233,"Si"
2020-03-30,0.80529360881427,0.867879498123296,0.932774183971481,"Si"
2020-03-31,0.799691795254436,0.862546255104822,0.927744700333254,"Si"
2020-04-01,0.804312366685316,0.867917380634644,0.933908358795635,"Si"
2020-04-02,0.802278020595725,0.866415470899533,0.932984152323993,"Si"
2020-04-03,0.795454038051691,0.859963135775523,0.926951464631159,"Si"
2020-04-04,0.795212707133222,0.860389176161586,0.928096170363215,"Si"
2020-04-05,0.792372127914234,0.858132865329099,0.926477673035409,"Si"
2020-04-06,0.763987182812323,0.829291557715911,0.897235835023287,"Si"
2020-04-07,0.724903485726869,0.789328816957406,0.856457648529366,"Si"
2020-04-08,0.690704762854239,0.754533054821508,0.821141728750141,"Si"
2020-04-09,0.670263198241405,0.734226429386395,0.801062889201318,"Si"
2020-04-10,0.636888583228912,0.700466266424431,0.767025259297397,"Si"
2020-04-11,0.575004398222968,0.636798668734647,0.701701361209941,"Si"
2020-04-12,0.546811460381605,0.608656999439208,0.673768112023167,"Si"
2020-04-13,0.526305334906164,0.588770334928271,0.654687541037228,"Si"
2020-04-14,0.502566679586732,0.565584629196999,0.63227081906964,"Si"
2020-04-15,0.476281557409574,0.539787586773538,0.60721024729712,"Si"
2020-04-16,0.436174194365444,0.499286583970059,0.566601190453793,"Si"
2020-04-17,0.421693813787384,0.486292403078972,0.555427247118267,"Si"
2020-04-18,0.45732715854909,0.527384361953779,0.602361135972016,"Si"
2020-04-19,0.472151548878302,0.546328301804872,0.625837676650866,"Si"
2020-04-20,0.5025472595048,0.582188217326306,0.667601042347976,"Si"
2020-04-21,0.523679090628193,0.608160771258417,0.698867283904093,"Si"
2020-04-22,0.611745400060535,0.706236761891092,0.807414856946897,"Si"
2020-04-23,0.664543373048174,0.766066045153849,0.874699751853406,"Si"
2020-04-24,0.677532353040186,0.782772206168364,0.895498274294582,"Si"
2020-04-25,0.750742924400261,0.863902402706878,0.984889304250524,"Si"
2020-04-26,0.745107871778279,0.859879815019109,0.982752711941841,"Si"
2020-04-27,0.730378807144991,0.845788715771456,0.969540194399994,"Si"
2020-04-28,0.712855232711329,0.828556193294238,0.95283049268738,"Si"
2020-04-29,0.737077827135129,0.856346400659359,0.984427729125312,"Si"
2020-04-30,0.720592696789573,0.840130625616038,0.96870726420396,"Si"
2020-05-01,0.67580047935202,0.793250771938678,0.919972615218391,"Si"
2020-05-02,0.626052306088851,0.740994388118059,0.865480564044291,"Si"
2020-05-03,0.581167137933198,0.694113989092583,0.816941678485957,"Si"
2020-05-04,0.526268306594542,0.636337326699672,0.756702710158495,"Si"
2020-05-05,0.532073554860263,0.645609439918401,0.769961264221071,"Si"
2020-05-06,0.398209639505177,0.499952831411142,0.613096500942846,"Si"
2020-05-07,0.379810315719444,0.482873088585952,0.598120238035814,"Si"
2020-05-08,0.446574503844478,0.562334173019,0.691233140884067,"Si"
2020-05-09,0.388301282904682,0.501042793484256,0.627935114847601,"Si"
2020-05-10,0.448891541807639,0.574758992695747,0.715945615525634,"Si"
2020-05-11,0.468978306086872,0.602753635201448,0.753059454046542,"Si"
2020-05-12,0.487698446510607,0.629299471249984,0.788673624073011,"Si"
2020-05-13,0.548851459044405,0.704062756448315,0.878307386710557,"Si"
2020-05-14,0.564123308644356,0.726458317146013,0.909009083562776,"Si"
2020-05-15,0.506523545766971,0.665387173659368,0.845588114592937,"Si"
2020-05-16,0.545812015960579,0.715251199007496,0.907244902514812,"Si"
2020-05-17,0.607856587031547,0.791039650441856,0.997980669023634,"Si"
2020-05-18,0.635349426580728,0.826817705086034,1.04311849099023,"Si"
2020-05-19,0.564554489399821,0.749405111913218,0.960032727274406,"Si"
2020-05-20,0.526200818976857,0.708956014588326,0.91853190002163,"Si"
2020-05-21,0.486246855167838,0.666633233831563,0.875036800991791,"Si"
2020-05-22,0.484218800082517,0.669083159442644,0.883373360324525,"Si"
2020-05-23,0.496047047830786,0.688273567582984,0.911489363790565,"Si"
2020-05-24,0.392101644165244,0.569622100751172,0.779768675568564,"Si"
2020-05-25,0.326631303439081,0.495642155250977,0.699333166039007,"Si"
2020-05-26,0.287776790495822,0.453968032061039,0.657429879790958,"Si"
2020-05-27,0.179895190220144,0.321417956318295,0.503332401044763,"Si"
2020-05-28,0.198582758583638,0.354806953681717,0.555618727558413,"Si"
2020-05-29,0.182054132492042,0.341912737117519,0.551310224472604,"Si"
2020-05-30,0.121109804991596,0.264857697985812,0.463889112197242,"Si"
2020-05-31,0.0936831992299908,0.233012721743837,0.434717655218574,"Si"
2020-06-01,0.107013992309351,0.266169620781837,0.496576464026293,"Si"
2020-06-02,0.122743760241818,0.305293349139415,0.569567223190559,"Si"
2020-06-03,0.140819411035927,0.350251854222983,0.653443570223435,"Si"
2020-06-04,0.0623870921116,0.2289717376891,0.501864437393437,"Si"
2020-06-05,0.0720384687000099,0.264394008446439,0.579503617513421,"Si"
2020-06-06,0.0185455472099651,0.153136554647709,0.426611136307032,"Si"
2020-06-07,0.0217608934831175,0.179686704109212,0.500575118694842,"Si"
2020-06-08,0.0257151493363488,0.212338267889114,0.591536553463899,"Si"
2020-06-09,0.0305000556924236,0.251848780325625,0.701605796208646,"Si"
2020-06-10,0.0362098174639554,0.298996121714492,0.832949882733457,"Si"
2020-06-11,0.042926336535087,0.354456582284028,0.987452837028799,"Si"
2020-06-12,0.050702877526957,0.41866998516123,1.16633992790403,"Si"
2020-06-13,0.059546045423704,0.491690869826817,1.36976309262779,"Si"
2020-06-14,0.00725412597965599,0.286522671479193,1.05694759595743,"Si"
2020-06-15,0.00858628468542125,0.339140129775421,1.25104705679408,"Si"
2020-06-16,0.010250500055428,0.404873125737765,1.49352815505693,"Si"
2020-06-17,0.0123016711312879,0.485890055684178,1.79238984337164,"Si"
2020-06-18,0.361751728353672,1.75416855697593,4.22443998023106,"Si"
2020-06-19,0.694746928354325,2.54984494476665,5.58879672906782,"Si"
2020-06-20,0.677424506473227,2.48626857175661,5.44944887332711,"Si"
2020-06-21,0.935056163547503,2.87977826373801,5.89870089071458,"Si"
2020-06-22,1.11441146984688,3.03668934531285,5.90551661714188,"Si"
2020-06-23,0.945976065172483,2.57771524769479,5.01293958600604,"Si"
2020-06-24,0.812687134564805,2.21451270861818,4.30661161300621,"Si"
2020-06-25,0.71457492111515,1.94716413828395,3.78669296307422,"Si"
2020-06-26,0.643158722521397,1.75256024625636,3.40824249038978,"Si"
2020-06-27,0.590784484824124,1.60984429807427,3.13069964432245,"Si"
2020-06-28,0.406922970490732,1.25323800977799,2.56702964170554,"Si"
2020-06-29,0.263344330343166,0.966520587646294,2.11843747985572,"Si"
2020-06-30,0.262695986500046,0.964141050287611,2.11322196640491,"Si"
2020-07-01,0.266409172229747,0.977769103144619,2.14309218160648,"Si"
2020-07-02,0.0605378205245852,0.499880276168665,1.39257731848793,"Si"
2020-07-03,0.00674944224118539,0.266588728588728,0.983413683589316,"Si"
2020-07-04,0.00751094450751243,0.29666646149513,1.09436681453407,"Si"
2020-07-05,0.0820089093774309,0.677173970133807,1.88648593760594,"Si"
2020-07-06,0.416164313692609,1.5273971400996,3.34777695329917,"Si"
2020-07-07,0.437237398481973,1.60473911388577,3.51729650428322,"Si"
2020-07-08,0.440758643014271,1.6176627083682,3.54562267475074,"Si"
2020-07-09,0.434237562141841,1.59372918031884,3.49316473076796,"Si"
2020-07-10,0.630444369328159,1.94163737117061,3.97709026246431,"Si"
2020-07-11,0.807822811859134,2.20125778677634,4.28083447471686,"Si"
2020-07-12,1.38104781533981,3.02024386220933,5.28985283234813,"Si"
2020-07-13,1.17974406155742,2.58000825266138,4.51879536404019,"Si"
2020-07-14,1.17559245693791,2.45150608518148,4.18834996252836,"Si"
2020-07-15,1.15673354914559,2.31719130195506,3.87399755094729,"Si"
2020-07-16,1.26319481605151,2.37238447244647,3.82530299124316,"Si"
2020-07-17,0.978068611131779,1.8928604408116,3.10461267469663,"Si"
2020-07-18,1.0745980201009,1.96557477509242,3.12110753264647,"Si"
2020-07-19,0.689332974518489,1.38088531614293,2.30863387427844,"Si"
2020-07-20,0.809577162642248,1.52045295428241,2.45162337791867,"Si"
2020-07-21,0.838951450719913,1.53454759660493,2.43668575912762,"Si"
2020-07-22,0.864181444617649,1.54402923989956,2.41791078975176,"Si"
2020-07-23,0.739990832299007,1.35353619358986,2.14926039093288,"Si"
2020-07-24,0.704284718640124,1.28822522612884,2.04555405775742,"Si"
2020-07-25,0.485648738117647,0.972861064333165,1.62647830477302,"Si"
2020-07-26,0.479629958469672,0.960804127055799,1.60632090756329,"Si"
2020-07-27,0.245984773563796,0.61182348667372,1.14144184722604,"Si"
2020-07-28,0.14680631303723,0.452132872596862,0.926111781553154,"Si"
2020-07-29,0.212166752211202,0.578138805371337,1.12431926150261,"Si"
2020-07-30,0.227648235808575,0.620324710274343,1.20635911941511,"Si"
2020-07-31,0.244805449193757,0.667076855681819,1.29727904575431,"Si"
2020-08-01,0.336016927381327,0.835755177498885,1.55921757567603,"Si"
2020-08-02,0.278596593355912,0.75915523985104,1.47634590638996,"Si"
2020-08-03,0.295136263364003,0.804224624945812,1.56399333170608,"Si"
2020-08-04,0.398133335037049,0.990253671698216,1.8474560144638,"Si"
2020-08-05,0.160138629617069,0.587737287530247,1.28821332326183,"Si"
2020-08-06,0.0966633422117742,0.468729745374768,1.12880867030149,"Si"
2020-08-07,0.105027038313755,0.509286103706396,1.22647767759693,"Si"
2020-08-08,0.115259922400288,0.558906332456835,1.34597456250457,"Si"
2020-08-09,0.333133424263874,1.02598157364157,2.10153625315608,"Si"
2020-08-10,0.615020590061146,1.52970460868688,2.85387679989621,"Si"
2020-08-11,0.485053575085123,1.32173534033106,2.57040781199323,"Si"
2020-08-12,0.757956027859306,1.75562908461374,3.16510854286833,"Si"
2020-08-13,0.865362927858702,1.89248123230668,3.3146155289461,"Si"
2020-08-14,0.806828752433249,1.76447155581716,3.09041100088831,"Si"
2020-08-15,0.749099485155915,1.63822215067161,2.86928952730541,"Si"
2020-08-16,0.586783471762128,1.35914761744917,2.45031810688759,"Si"
2020-08-17,0.666156164541681,1.45683157735916,2.55159020176279,"Si"
2020-08-18,0.635364497617461,1.38949260328303,2.43364831395659,"Si"
2020-08-19,0.917939880193271,1.77649304607637,2.91375037929069,"Si"
2020-08-20,0.958123803645368,1.79943584755571,2.90146365825211,"Si"
2020-08-21,1.46280408805054,2.4296434766614,3.63778500840141,"Si"
2020-08-22,1.46383540911581,2.36477889739774,3.47829448757579,"Si"
2020-08-23,1.58190116216811,2.44442219867924,3.4916222110069,"Si"
2020-08-24,1.56107975711704,2.34928038867479,3.29600535126102,"Si"
2020-08-25,1.87735778978258,2.66635188054864,3.59158855741532,"Si"
2020-08-26,1.78387956389975,2.48583702022589,3.30244339182162,"Si"
2020-08-27,1.85659768822567,2.50957538904709,3.25942812522698,"Si"
2020-08-28,1.67834168986831,2.24723380145557,2.89787632780304,"Si"
2020-08-29,1.66389928061283,2.18575671127867,2.7777059276396,"Si"
2020-08-30,1.49490854733634,1.95433124458175,2.47437216988214,"Si"
2020-08-31,1.39041667736814,1.80545023263892,2.27386208859109,"Si"
2020-09-01,1.46676696041511,1.86798112977277,2.31696655444513,"Si"
2020-09-02,1.31497930942903,1.67467402958128,2.07719642039943,"Si"
2020-09-03,1.36011897692144,1.70763152397032,2.09408337440725,"Si"
2020-09-04,1.37446899269931,1.70712305215348,2.07528533275031,"Si"
2020-09-05,1.23968203689827,1.54166664297459,1.87607398069148,"Si"
2020-09-06,1.27356797551494,1.56698486495762,1.89036321961611,"Si"
2020-09-07,1.21982440743557,1.49601863088481,1.79997669995618,"Si"
2020-09-08,1.02656024060431,1.27186628448892,1.54305871483169,"Si"
2020-09-09,0.951478962609052,1.18175941351653,1.43662050290793,"Si"
2020-09-10,0.81554076800274,1.02541221855999,1.25895115411235,"Si"
2020-09-11,0.712165968475797,0.906969291156277,1.12496720658711,"Si"
2020-09-12,0.688274683907848,0.879653494808092,1.09415259034065,"Si"
2020-09-13,0.617276976668817,0.799810653223248,1.00562742006576,"Si"
2020-09-14,0.73951480356642,0.94018456706933,1.164578085517,"Si"
2020-09-15,0.795044316292551,1.00421227663837,1.23743778199374,"Si"
2020-09-16,0.949816424766098,1.17822596949055,1.43087648493075,"Si"
2020-09-17,1.03325325577675,1.26991466358901,1.53061478138686,"Si"
2020-09-18,1.03269070613718,1.2665138743786,1.52384162669445,"Si"
2020-09-19,1.04685181991955,1.27864751757416,1.53327813052985,"Si"
2020-09-20,1.04442932193823,1.27198168874441,1.52162513610105,"Si"
2020-09-21,0.947544047436525,1.16087530283495,1.39554163121286,"Si"
2020-09-22,1.00102427039974,1.21683982618989,1.453408255211,"Si"
2020-09-23,0.87619534673596,1.07572459099452,1.29541517828052,"Si"
2020-09-24,0.869179415917485,1.06598014588654,1.28256385689317,"Si"
2020-09-25,0.857149377889954,1.05122625105566,1.2648122952609,"Si"
2020-09-26,0.922157973089267,1.12201268770058,1.3411768700953,"Si"
2020-09-27,0.918712799877428,1.11678243652859,1.33389849476542,"Si"
2020-09-28,0.941322173608208,1.14016382772098,1.35777473827599,"Si"
2020-09-29,0.854831350783213,1.04308258499364,1.24978788739026,"Si"
2020-09-30,0.985826267479857,1.18617364307739,1.40477840417373,"Si"
2020-10-01,1.07137770935892,1.27783063743161,1.50220437651178,"Si"
2020-10-02,1.12555649854783,1.33381734733422,1.55949476223407,"Si"
2020-10-03,1.09272109737566,1.29412021820732,1.51230186868336,"Si"
2020-10-04,1.12240486759861,1.32239187940717,1.5385327624086,"Si"
2020-10-05,1.19823392099255,1.40024569872371,1.61776259953722,"Si"
2020-10-06,1.33051084932486,1.53775998928288,1.75979046274886,"Si"
2020-10-07,1.34139721187928,1.54305117211022,1.75861945819254,"Si"
2020-10-08,1.28117238039465,1.47176785097183,1.67538687401413,"Si"
2020-10-09,1.352655341372,1.54196419800688,1.74349092832304,"Si"
2020-10-10,1.44458887490324,1.63327587084324,1.83337652785251,"Si"
2020-10-11,1.49128294580767,1.67554060941125,1.8703756891159,"Si"
2020-10-12,1.55825277219816,1.73869196185884,1.92887349781747,"Si"
2020-10-13,1.51445977213881,1.68444896480398,1.86334938679533,"Si"
2020-10-14,1.53771564813225,1.70138398688619,1.87321018515557,"Si"
2020-10-15,1.53738721343066,1.69371035717974,1.85749366040103,"Si"
2020-10-16,1.53653195919786,1.68582688239299,1.8419444141043,"Si"
2020-10-17,1.49722897213491,1.6380978910583,1.78520948450049,"Si"
2020-10-18,1.47886800838052,1.61290828723378,1.75268014061763,"Si"
2020-10-19,1.51147053794546,1.64136667180153,1.77654102426783,"Si"
2020-10-20,1.55349578763463,1.67968370335271,1.81072884846963,"Si"
2020-10-21,1.48442491005417,1.60254122005415,1.72511477319966,"Si"
2020-10-22,1.40963691869857,1.5200971308892,1.63466466610322,"Si"
2020-10-23,1.4441312448463,1.55174472541656,1.66317040431543,"Si"
2020-10-24,1.41164722164853,1.51413839625705,1.62017029501049,"Si"
2020-10-25,1.38074228155374,1.47853767910426,1.57963174017485,"Si"
2020-10-26,1.38088718353034,1.47540738387538,1.57301218797041,"Si"
2020-10-27,1.28766396593358,1.37600829574614,1.46724217406299,"Si"
2020-10-28,1.26719939193081,1.35232331257011,1.44017515416583,"Si"
2020-10-29,1.22727345448169,1.30885317427433,1.39302076683851,"Si"
2020-10-30,1.13384362676066,1.21043873664811,1.2895018375883,"Si"
2020-10-31,1.06721143272219,1.14013411261,1.21543258111814,"Si"
2020-11-01,1.08987578954497,1.16248159331769,1.23739549949355,"Si"
2020-11-02,1.00071112323781,1.0694081606129,1.14035339382216,"Si"
2020-11-03,0.990688051504091,1.05842103727466,1.12836196838684,"Si"
2020-11-04,1.01300854533552,1.08101922515997,1.15120822879684,"Si"
2020-11-05,1.01435925884035,1.08197146947964,1.15173418403058,"Si"
2020-11-06,1.0094349656806,1.07646107476547,1.14561113568901,"Si"
2020-11-07,0.976177056053102,1.04171496836085,1.10935200385579,"Si"
2020-11-08,0.870875704901091,0.932558204898158,0.996321271237441,"Si"
2020-11-09,0.847972687816356,0.908868912301252,0.971846788513084,"Si"
2020-11-10,0.844026761037478,0.904989960243143,0.968048730419856,"Si"
2020-11-11,0.802990358895723,0.862786525164383,0.9246995687667,"Si"
2020-11-12,0.77478935618593,0.834001113275323,0.89536212015163,"Si"
2020-11-13,0.765840102241167,0.825315584339881,0.886983552317328,"Si"
2020-11-14,0.804243766983177,0.865883988085433,0.929767831240825,"Si"
2020-11-15,0.849887400863744,0.913923967778941,0.980253364627738,"Si"
2020-11-16,0.906555574615163,0.973248214438508,1.0422743503984,"Si"
2020-11-17,0.873466575753011,0.939325831910855,1.00754477068268,"Si"
2020-11-18,0.843914782628663,0.909020395603476,0.976510760817743,"Si"
2020-11-19,0.842101642701112,0.907548182472666,0.975409048319836,"Si"
2020-11-20,0.8395946754155,0.9053859474589,0.97362358458746,"Si"
2020-11-21,0.833600957109877,0.899623621970164,0.968126612699673,"Si"
2020-11-22,0.84069448231817,0.907485113220196,0.976792396138532,"Si"
2020-11-23,0.845044458568269,0.912495072541965,0.98249865713397,"Si"
2020-11-24,0.893701447848759,0.963522101900078,1.03593143587476,"Si"
2020-11-25,0.937119148258975,1.00894343073308,1.08338202154723,"Si"
2020-11-26,0.97749538725414,1.05099282501025,1.12711653315529,"Si"
2020-11-27,1.02448988651958,1.09965818194131,1.17744977741992,"Si"
2020-11-28,1.09646501498528,1.17388598021481,1.25391058926295,"Si"
2020-11-29,1.11036934586415,1.18763738926565,1.26746757866238,"Si"
2020-11-30,1.10895734475296,1.18535306948948,1.26425744320187,"Si"
2020-12-01,1.27369311877196,1.35450671099608,1.43777080347461,"Si"
2020-12-02,1.29771507494974,1.3777623946364,1.46017146412578,"Si"
2020-12-03,1.26918371485233,1.34659661663827,1.42626877740445,"Si"
2020-12-04,1.1925741364097,1.26592801786504,1.34144022483479,"Si"
2020-12-05,1.06845631611423,1.13652081133123,1.20665726903336,"Si"
2020-12-06,0.977570460765869,1.04174820478789,1.10793741166852,"Si"
2020-12-07,0.894619497998511,0.95550310767462,1.01836256126704,"Si"
2020-12-08,0.743977214792301,0.799416758694207,0.856820243688636,"Si"
2020-12-09,0.678688982608678,0.731992371179208,0.787282112970263,"Si"
2020-12-10,0.69174076551321,0.746234688073079,0.802765282436916,"Si"
2020-12-11,0.677341432305392,0.732139458569705,0.789038613491174,"Si"
2020-12-12,0.727533492680218,0.785333825619809,0.845312058700051,"Si"
2020-12-13,0.749628558315602,0.809323243959326,0.87127225841661,"Si"
2020-12-14,0.817995623036103,0.881333900179797,0.947000417896246,"Si"
2020-12-15,0.845363948944694,0.910581360958047,0.978187620295676,"Si"
2020-12-16,0.882513133464437,0.949812493174378,1.01954960358437,"Si"
2020-12-17,0.85009151811467,0.916655115290931,0.985691999132317,"Si"
2020-12-18,0.885043415526304,0.953422174955432,1.02430911881283,"Si"
2020-12-19,0.924299155851564,0.994534121551324,1.06730444315841,"Si"
2020-12-20,0.97802487161342,1.05046029578985,1.12544662971751,"Si"
2020-12-21,0.964707645144359,1.03664477955018,1.11113196441419,"Si"
2020-12-22,0.918320605368125,0.988451064348926,1.06112533536609,"Si"
2020-12-23,0.904002141466354,0.973590642770333,1.04572272406032,"Si"
2020-12-24,0.920037545185483,0.990299123708555,1.06310927031087,"Si"
2020-12-25,0.96188437755617,1.03375888318935,1.10818628566371,"Si"
2020-12-26,0.991524173540567,1.06441906725948,1.1398628256274,"Si"
2020-12-27,1.02501671404637,1.09891000511958,1.17533860594007,"Si"
2020-12-28,1.079196931427,1.15461254690493,1.23253907939222,"Si"
2020-12-29,1.15818478406096,1.23563999575855,1.31556669883007,"Si"
2020-12-30,1.13496112565241,1.21069551148763,1.28884131075053,"Si"
2020-12-31,1.11809359386731,1.19225357887365,1.26876109413406,"Si"
2021-01-01,1.1832262077944,1.25845044672558,1.33596013694305,"Si"
2021-01-02,1.13497453911808,1.20749611047217,1.2822318228925,"Si"
2021-01-03,1.10125098382869,1.17161771810324,1.24413280455969,"Si"
2021-01-04,1.05791578915535,1.12596345745395,1.19610207555412,"Si"
2021-01-05,1.02711701402304,1.09342243270926,1.1617724017214,"Si"
2021-01-06,1.01601938311855,1.08137217459413,1.14873310844674,"Si"
2021-01-07,0.992822681880943,1.05694741093918,1.12305043979706,"Si"
2021-01-08,0.852363216495375,0.911500377799442,0.972592827748486,"Si"
2021-01-09,0.805986220679597,0.863538282889568,0.923046882062979,"Si"
2021-01-10,0.767719905827587,0.824198811918156,0.882653847751196,"Si"
2021-01-11,0.703610721513791,0.758212963082769,0.814826608810159,"Si"
2021-01-12,0.638744844055676,0.691533453063774,0.746388035642863,"Si"
2021-01-13,0.61042517379963,0.663027915136264,0.717773699958038,"Si"
2021-01-14,0.607328044638957,0.660994509648504,0.716900625165272,"Si"
2021-01-15,0.660092588581674,0.717392846317862,0.777043955848475,"Si"
2021-01-16,0.692869144949156,0.752959323910796,0.815512642847594,"Si"
2021-01-17,0.714394054851004,0.776753361970594,0.841684737958068,"Si"
2021-01-18,0.784045804445794,0.850649420525123,0.919929444628311,"Si"
2021-01-19,0.816731065092261,0.885806994655267,0.957646994273654,"Si"
2021-01-20,0.871091914789275,0.943324862753908,1.01839390878559,"Si"
2021-01-21,0.926414992131555,1.00154465695369,1.07956172542153,"Si"
2021-01-22,0.954554954027451,1.03116716060106,1.11069449595979,"Si"
2021-01-23,0.990208472164073,1.06833429735194,1.14938431555123,"Si"
2021-01-24,0.979847357453583,1.05745299495151,1.13797410504799,"Si"
2021-01-25,1.02633058351101,1.10550905405059,1.1875877512574,"Si"
2021-01-26,1.08764607022655,1.16869506051974,1.25261520434959,"Si"
2021-01-27,1.10813633468486,1.18922679008256,1.27313999765895,"Si"
2021-01-28,1.08148590662583,1.16073091353779,1.24273795650454,"Si"
2021-01-29,1.07997803725813,1.15828689625676,1.23929767066221,"Si"
2021-01-30,1.03206893475002,1.1077933158334,1.18616040381986,"Si"
2021-01-31,1.03287336175956,1.10791288504339,1.18554640003062,"Si"
2021-02-01,1.14158774310869,1.21972816144049,1.30041864025176,"Si"
2021-02-02,1.15723455375362,1.23492818139331,1.31511026936891,"Si"
2021-02-03,1.14799244593018,1.22426041296167,1.3029464715079,"Si"
2021-02-04,1.15732261402153,1.23273875279927,1.31050164078921,"Si"
2021-02-05,1.1310014862296,1.20439372020491,1.28006045717272,"Si"
2021-02-06,1.16438134798174,1.2377112044126,1.31324863600885,"Si"
2021-02-07,1.18497906030068,1.25776308498583,1.33268573999675,"Si"
2021-02-08,1.06391014848505,1.13175345690384,1.20166401559587,"Si"
2021-02-09,1.00375863317538,1.06882593837205,1.13590770959831,"Si"
2021-02-10,1.00519963421427,1.06972403889999,1.13622719574087,"Si"
2021-02-11,0.979009700491793,1.04224227256648,1.10742562067568,"Si"
2021-02-12,0.962042944331653,1.02440608602947,1.0886999735922,"Si"
2021-02-13,0.956230674969436,1.01818474497396,1.08205592775381,"Si"
2021-02-14,0.943646464290922,1.00504158003894,1.0683442298209,"Si"
2021-02-15,0.972003674844441,1.03420656258549,1.0983113598122,"Si"
2021-02-16,0.992286232348393,1.05499466003651,1.11959725487507,"Si"
2021-02-17,1.03164355060347,1.09536923986602,1.16097771403672,"Si"
2021-02-18,1.04728248377567,1.11116068762427,1.1769031466856,"Si"
2021-02-19,1.04807558189682,1.11156274098441,1.17689037861924,"Si"
2021-02-20,1.04434786352405,1.10726526658607,1.17199700235407,"Si"
2021-02-21,1.03362250491435,1.09575351766318,1.15967226835127,"Si"
2021-02-22,1.02446916545814,1.08588439579052,1.14906215433657,"Si"
2021-02-23,1.02970248346922,1.0908592206428,1.15375526416014,"Si"
2021-02-24,0.975706373989176,1.03486383334612,1.09573777710292,"Si"
2021-02-25,0.954717533805616,1.01297678570123,1.07293707087021,"Si"
2021-02-26,0.922550557687874,0.979673152637772,1.03848734188301,"Si"
2021-02-27,0.903956013076604,0.960468611585236,1.01867043928252,"Si"
2021-02-28,0.908419499880457,0.965128547799022,1.02353030583843,"Si"
2021-03-01,0.883734248548893,0.939777616177746,0.997519556410131,"Si"
2021-03-02,0.85332165060932,0.90857947853688,0.965546347693695,"Si"
2021-03-03,0.841424873018037,0.896576251624445,0.953453509826496,"Si"
2021-03-04,0.852026974596926,0.907873270286191,0.965467191957939,"Si"
2021-03-05,0.901304188189829,0.959100373557225,1.01866722375387,"Si"
2021-03-06,0.913700166231348,0.972171950176163,1.03243156173745,"Si"
2021-03-07,0.892584884261295,0.950596946624659,1.01040960085715,"Si"
2021-03-08,0.932683840676555,0.992189181691613,1.05350859540635,"Si"
2021-03-09,0.946129733653171,1.0061900456979,1.06807244250373,"Si"
2021-03-10,0.947042198582927,1.00719054889153,1.06916454098317,"Si"
2021-03-11,0.906517812644866,0.965404565252696,1.02611813118931,"Si"
2021-03-12,0.864308270480771,0.921918818550129,0.981361753222505,"Si"
2021-03-13,0.814082896884551,0.870230792665827,0.928224545701637,"Si"
2021-03-14,0.832582185273995,0.889737470322235,0.948763233030882,"Si"
2021-03-15,0.794529086218465,0.850804097775832,0.908977279721231,"Si"
2021-03-16,0.771938472344484,0.827947836209993,0.885890920603399,"Si"
2021-03-17,0.767115139854184,0.823587258448776,0.882036543016214,"Si"
2021-03-18,0.781984056292992,0.839705265306554,0.899452605358172,"Si"
2021-03-19,0.791846428128485,0.850652191906818,0.91153430372486,"Si"
2021-03-20,0.831489020157354,0.892456096296098,0.95554950182747,"Si"
2021-03-21,0.824230473874061,0.885566419934983,0.949072324044712,"Si"
2021-03-22,0.801895070517609,0.863002870775796,0.926322622702195,"Si"
2021-03-23,0.812528719493975,0.874669314986566,0.93906703424797,"Si"
2021-03-24,0.786596703782161,0.84837503056277,0.912455529525116,"Si"
2021-03-25,0.794180096171249,0.856935659570708,0.922043583869818,"Si"
2021-03-26,0.815319338453419,0.879597557778239,0.946279895233852,"Si"
2021-03-27,0.80204083035719,0.86646326544956,0.933338869397861,"Si"
2021-03-28,0.765246543637768,0.828863504393816,0.894984358066964,"Si"
2021-03-29,0.685974600979784,0.746998978946735,0.810586509316298,"Si"
2021-03-30,0.635458852290852,0.695182677563605,0.757550475467506,"Si"
2021-03-31,0.625975310534619,0.686452005349078,0.749677436439714,"Si"
2021-04-01,0.610535880821999,0.671630455921354,0.73559651378428,"Si"
2021-04-02,0.554048325451101,0.613756775799694,0.676476693262439,"Si"
2021-04-03,0.548362192123264,0.609452396489515,0.673722381472188,"Si"
2021-04-04,0.569534305382204,0.633655342274911,0.701147430774624,"Si"
2021-04-05,0.602305416037551,0.670219343379776,0.741708884941306,"Si"
2021-04-06,0.648709088425049,0.72119476838462,0.797464080272843,"Si"
2021-04-07,0.670980537736143,0.746638040183404,0.826278849915845,"Si"
2021-04-08,0.682241074251613,0.760368391291145,0.84266982376529,"Si"
2021-04-09,0.697104208249589,0.777825976046071,0.862906106441805,"Si"
2021-04-10,0.705039106927604,0.787884587547924,0.87526553286241,"Si"
2021-04-11,0.738823600931712,0.825212025034774,0.916307874115956,"Si"
2021-04-12,0.778107130428299,0.868208699691429,0.96317506961899,"Si"
2021-04-13,0.764708028348107,0.855315689105323,0.950922947377614,"Si"
2021-04-14,0.725592387795201,0.815081491898485,0.909698982742343,"Si"
2021-04-15,0.737842736817337,0.829341181043254,0.926110250688567,"Si"
2021-04-16,0.760785020569347,0.854956257651265,0.954542741401868,"Si"
2021-04-17,0.788352826272178,0.885406668657153,0.988012932483603,"Si"
2021-04-18,0.811307193592879,0.910828225166237,1.01602352881094,"Si"
2021-04-19,0.780117037572716,0.878677326591586,0.98301562801094,"Si"
2021-04-20,0.783154620961176,0.882857841214292,0.988448311009837,"Si"
2021-04-21,0.839604337206027,0.943722039781857,1.05383728050654,"Si"
2021-04-22,0.824074476801488,0.927991412217844,1.03798953000698,"Si"
2021-04-23,0.850038047678182,0.956229765157005,1.06858117019406,"Si"
2021-04-24,0.824573261113479,0.92975211216438,1.04115282493279,"Si"
2021-04-25,0.758476485521177,0.860037514062692,0.967887041564333,"Si"
2021-04-26,0.773954986313424,0.877369605610095,0.987174787084035,"Si"
2021-04-27,0.79071423005232,0.896145818428993,1.00807972868565,"Si"
2021-04-28,0.790906294244607,0.897261480133885,1.0102283840174,"Si"
2021-04-29,0.797305843717331,0.90498270633286,1.01938047098353,"Si"
2021-04-30,0.779450863848235,0.886817019009778,1.00101004810682,"Si"
2021-05-01,0.778817655839587,0.887069320436159,1.00226264058069,"Si"
2021-05-02,0.774802256254282,0.883742057682185,0.999743332274689,"Si"
2021-05-03,0.763708922072254,0.872880201467415,0.989238369556707,"Si"
2021-05-04,0.741979661332917,0.850683643938834,0.966710024381608,"Si"
2021-05-05,0.746600000327632,0.856815589438465,0.974508285207141,"Si"
2021-05-06,0.75909906929898,0.871446905058247,0.991434725043957,"Si"
2021-05-07,0.705988468408433,0.815648357551888,0.93310888003326,"Si"
2021-05-08,0.700146919904911,0.810779774063405,0.929408923414187,"Si"
2021-05-09,0.771812419169615,0.889402716260323,1.01520866630596,"Si"
2021-05-10,0.772683931653934,0.89170352560244,1.01912388537045,"Si"
2021-05-11,0.737765449085198,0.855371115864039,0.981546713645383,"Si"
2021-05-12,0.723736324372761,0.841563807738894,0.968147050708739,"Si"
2021-05-13,0.745060944214234,0.865989097621372,0.995877920202143,"Si"
2021-05-14,0.766203286788717,0.890184730376646,1.02332716287704,"Si"
2021-05-15,0.772412255872708,0.898164396763957,1.03326117851352,"Si"
2021-05-16,0.749319165209342,0.874421307492233,1.00903917137491,"Si"
2021-05-17,0.75900936220008,0.886139576154272,1.02296875153156,"Si"
2021-05-18,0.773222108863219,0.902732885711819,1.04212424082313,"Si"
2021-05-19,0.72767271025766,0.854579897134363,0.991537463990682,"Si"
2021-05-20,0.742370358936724,0.871840837278488,1.01156469476687,"Si"
2021-05-21,0.726825768467439,0.856329584547868,0.996294019770651,"Si"
2021-05-22,0.664665238117525,0.79012211932094,0.92626444579167,"Si"
2021-05-23,0.645667511299465,0.771149679056812,0.907609302034324,"Si"
2021-05-24,0.655207033724688,0.783648737631003,0.923416040252926,"Si"
2021-05-25,0.648664498428867,0.778683917368888,0.920403506257621,"Si"
2021-05-26,0.706009838208998,0.84381118220991,0.993715279736585,"Si"
2021-05-27,0.643081068819058,0.776924650696907,0.923232922910975,"Si"
2021-05-28,0.627347673893778,0.761901907707457,0.909334228808895,"Si"
2021-05-29,0.662627402312257,0.803304801620403,0.957322045303924,"Si"
2021-05-30,0.599376218056581,0.735867565860352,0.886150620707245,"Si"
2021-05-31,0.55438567945678,0.688560148109127,0.837056692711556,"Si"
2021-06-01,0.600400300344187,0.742976078848703,0.900512956599611,"Si"
2021-06-02,0.545201711691703,0.684501610230166,0.839410271839709,"Si"
2021-06-03,0.563572350786276,0.708602190365155,0.869987239492375,"Si"
2021-06-04,0.598782158469147,0.75177194579498,0.921904468813506,"Si"
2021-06-05,0.575163982337382,0.728808134343716,0.900365148647149,"Si"
2021-06-06,0.618848132295973,0.78166069373882,0.963199213586373,"Si"
2021-06-07,0.562173639486518,0.721152354971578,0.899626396246892,"Si"
2021-06-08,0.511284124830837,0.666868330137631,0.842803812337974,"Si"
2021-06-09,0.526843090555807,0.68875511796346,0.872030522194001,"Si"
2021-06-10,0.532959423076924,0.700114273383509,0.889720048515742,"Si"
2021-06-11,0.495078194592182,0.660925021381705,0.85036211618166,"Si"
2021-06-12,0.431511990457136,0.591592995570621,0.776537406270484,"Si"
2021-06-13,0.375359011138946,0.53042317969726,0.711878522673011,"Si"
2021-06-14,0.402029416860766,0.568111368836128,0.762459668884819,"Si"
2021-06-15,0.33793028411086,0.497357489780211,0.687105234448921,"Si"
2021-06-16,0.322653724114483,0.485563958496843,0.681238992714643,"Si"
2021-06-17,0.274683119459402,0.433312759401221,0.627517215323942,"Si"
2021-06-18,0.317082473103228,0.494885492642349,0.711630757749327,"Si"
2021-06-19,0.364960568307817,0.56395287907337,0.805552493999525,"Si"
2021-06-20,0.377470293766033,0.589135597625543,0.84715963185115,"Si"
2021-06-21,0.345607295824656,0.558317441198191,0.821215243494477,"Si"
2021-06-22,0.419781447176643,0.662205444511976,0.958996261930378,"Si"
2021-06-23,0.377689207116468,0.61832538224344,0.91731209380699,"Si"
2021-06-24,0.353821707863642,0.597002821129931,0.902756052024193,"Si"
2021-06-25,0.272600527387135,0.498620610020044,0.791752398121391,"Si"
2021-06-26,0.266971717729161,0.501394994402193,0.808464139837829,"Si"
2021-06-27,0.38369135600784,0.671274463068625,1.03796732119731,"Si"
2021-06-28,0.412951659416563,0.722465854671189,1.11712271073377,"Si"
2021-06-29,0.476826043285313,0.818533698496912,1.25105641891576,"Si"
2021-06-30,0.540873670852379,0.91261530934166,1.38000854354222,"Si"
2021-07-01,0.684370091579892,1.10557781325691,1.6261669188901,"Si"
2021-07-02,0.695129733650338,1.12295966804283,1.65173345695091,"Si"
2021-07-03,0.613682990188084,1.01929635419301,1.52614201713937,"Si"
2021-07-04,0.533566086123657,0.915935335365041,1.39992621284183,"Si"
2021-07-05,0.623712135140092,1.0359542558274,1.55108306936333,"Si"
2021-07-06,0.37981716388363,0.713328087256368,1.15019133602137,"Si"
2021-07-07,0.516244498509326,0.903178409215709,1.39655197024982,"Si"
2021-07-08,0.528929291114755,0.925370666643505,1.43086705187582,"Si"
2021-07-09,0.721882903777147,1.18181434365257,1.75327201696575,"Si"
2021-07-10,1.14876335639148,1.71530003850923,2.39360041171971,"Si"
2021-07-11,1.42284057931486,2.03150421838022,2.74684918573312,"Si"
2021-07-12,1.82576768018492,2.47621800345767,3.22424406673893,"Si"
2021-07-13,1.98102538341365,2.60887133560155,3.32181790983053,"Si"
2021-07-14,2.25300499455659,2.86436527733684,3.54800232607553,"Si"
2021-07-15,2.17313308570477,2.71685471673614,3.32036975712755,"Si"
2021-07-16,1.93774055229089,2.40372368945537,2.91916134304853,"Si"
2021-07-17,1.95002309827112,2.37715107054403,2.84594611193139,"Si"
2021-07-18,1.8751083206801,2.25978337083571,2.67981519577805,"Si"
2021-07-19,1.76751091778969,2.11249956642606,2.48778772058543,"Si"
2021-07-20,1.75061766414349,2.06957773292801,2.41483657313208,"Si"
2021-07-21,1.68698858764816,1.97916363011453,2.29432937148592,"Si"
2021-07-22,1.61613032109344,1.88422750297978,2.17259651522762,"Si"
2021-07-23,1.50905171942883,1.75323549395657,2.01546200767429,"Si"
2021-07-24,1.27211557925926,1.48518847904131,1.71451704119514,"Si"
2021-07-25,1.16530113865438,1.36111894107645,1.57192102000184,"Si"
2021-07-26,1.0040869662894,1.18043908306858,1.3708484278652,"Si"
2021-07-27,0.928607993254335,1.09467071074334,1.27419232935727,"Si"
2021-07-28,0.756814030502274,0.905173981807014,1.06661586228929,"Si"
2021-07-29,0.657508525786568,0.79570752695411,0.946892530663497,"Si"
2021-07-30,0.639506853778617,0.776669002152738,0.92695883940943,"Si"
2021-07-31,0.659873896202829,0.800680305669705,0.954900567235011,"Si"
2021-08-01,0.657217108374354,0.799652506066364,0.955849659283133,"Si"
2021-08-02,0.709971971267575,0.859944005389983,1.02407234685236,"Si"
2021-08-03,0.728100011843177,0.881901350825216,1.05022045664738,"Si"
2021-08-04,0.815903541962105,0.980192425430652,1.15932701450731,"Si"
2021-08-05,0.855957360586709,1.02523351794181,1.20955634525274,"Si"
2021-08-06,0.904806971722493,1.07916196065022,1.26865155112589,"Si"
2021-08-07,0.932194492684467,1.10886651063562,1.30064243525289,"Si"
2021-08-08,0.931904630693184,1.10780347697092,1.29868402434352,"Si"
2021-08-09,0.971898729175428,1.15033759501216,1.34359294285756,"Si"
2021-08-10,0.963710865739817,1.13996832620282,1.33080955079056,"Si"
2021-08-11,0.884598668764565,1.05225019761825,1.23423446050421,"Si"
2021-08-12,0.860529287313382,1.02496926259535,1.20357408209075,"Si"
2021-08-13,0.874605776288482,1.03968935021874,1.2188334641277,"Si"
2021-08-14,0.916466072220066,1.08472760152934,1.26696054850073,"Si"
2021-08-15,0.955276615030177,1.12610847497321,1.31078576119089,"Si"
2021-08-16,1.02924043781814,1.2050836585631,1.39459042498996,"Si"
2021-08-17,0.994849678472963,1.16597265108706,1.35047589222987,"Si"
2021-08-18,0.999135223932744,1.16869705806405,1.35135312796383,"Si"
2021-08-19,0.977016551836694,1.14282465722406,1.32143712059322,"Si"
2021-08-20,0.895631142516895,1.05293469603269,1.22277709490009,"Si"
2021-08-21,0.901445396813452,1.05811149700348,1.2271448519513,"Si"
2021-08-22,0.861799583136151,1.01424555940169,1.17892344299121,"Si"
2021-08-23,0.726630881698724,0.866651596936959,1.01882658287672,"Si"
2021-08-24,0.785021970254901,0.930845197640792,1.088907473089,"Si"
2021-08-25,0.797604202876477,0.945184291926609,1.10510629926312,"Si"
2021-08-26,0.804374741347506,0.953207577896796,1.11448709826939,"Si"
2021-08-27,0.780462939744241,0.927776866665523,1.08763785268895,"Si"
2021-08-28,0.684128167942951,0.823162080449771,0.974865965450479,"Si"
2021-08-29,0.641094093965115,0.777199919857785,0.926212087102509,"Si"
2021-08-30,0.620038729325027,0.755850395054561,0.904910722613448,"Si"
2021-08-31,0.529375883563292,0.65749738909004,0.799294864057348,"Si"
2021-09-01,0.511890417225984,0.64085275259354,0.784084969583213,"Si"
2021-09-02,0.53078207955433,0.665441347161853,0.815094256316982,"Si"
2021-09-03,0.618614541140207,0.7673774620768,0.931928504365175,"Si"
2021-09-04,0.717823039147962,0.881287372810688,1.06126888677935,"Si"
2021-09-05,0.791007293070413,0.965203172823209,1.15647528931992,"Si"
2021-09-06,0.908040141256663,1.09611469527266,1.3016272173211,"Si"
2021-09-07,0.912343262769607,1.10130908537897,1.30779551300122,"Si"
2021-09-08,1.07748750258658,1.28169584418589,1.50336220640291,"Si"
2021-09-09,1.10444747547948,1.3088025380464,1.53024753123906,"Si"
2021-09-10,1.05417591784278,1.25077215250523,1.46392888206073,"Si"
2021-09-11,0.974062047719908,1.16019718735035,1.36236599063825,"Si"
2021-09-12,0.948483980692751,1.12973136487813,1.32659138192043,"Si"
2021-09-13,0.868710912410544,1.04050924241673,1.22757843401947,"Si"
2021-09-14,0.944479499833843,1.12203239642072,1.314651860257,"Si"
2021-09-15,0.750994911492967,0.908843429922557,1.0815243367503,"Si"
2021-09-16,0.69379692178648,0.845764389574209,1.01255654549876,"Si"
2021-09-17,0.708693608081498,0.863098415062671,1.03249304208516,"Si"
2021-09-18,0.719860639233605,0.876698434561126,1.04876224761181,"Si"
2021-09-19,0.702762762281493,0.859227247705471,1.03118240825055,"Si"
2021-09-20,0.73179421276757,0.89295016898668,1.06990407212047,"Si"
2021-09-21,0.645659250989398,0.798982575953899,0.968394787162904,"Si"
2021-09-22,0.669834476428894,0.827917226385889,1.00249615554799,"Si"
2021-09-23,0.639282872514417,0.79603674568583,0.969719989434927,"Si"
2021-09-24,0.649933378157224,0.810361199257306,0.988218709698259,"Si"
2021-09-25,0.661016522420756,0.825281340665345,1.00750061850968,"Si"
2021-09-26,0.654247845268336,0.820230343682011,1.00469417003254,"Si"
2021-09-27,0.637685647434493,0.804206384780137,0.989752592007212,"Si"
2021-09-28,0.685043606434096,0.860073329973654,1.05471539719608,"Si"
2021-09-29,0.808462602143214,1.00044649160209,1.21257608921722,"Si"
2021-09-30,0.898031378303684,1.10136480699369,1.3251379025727,"Si"
2021-10-01,0.869666785647906,1.07002901836913,1.29085069389081,"Si"
2021-10-02,0.866795781139456,1.06649656411584,1.28658924775643,"Si"
2021-10-03,0.842706344271649,1.03918168800068,1.25593603643614,"Si"
2021-10-04,0.867502527926147,1.06619957377804,1.2850791272233,"Si"
2021-10-05,0.880914495634019,1.08037229756332,1.29988017712183,"Si"
2021-10-06,0.788349255107878,0.976732585496799,1.18499542482687,"Si"
2021-10-07,0.834136017307638,1.02745300912127,1.24061568572976,"Si"
2021-10-08,0.822603667450109,1.01439211121068,1.22597580601824,"Si"
2021-10-09,0.78362499423275,0.970879418884124,1.17789422255333,"Si"
2021-10-10,0.813306553871533,1.00407818543872,1.21464774785696,"Si"
2021-10-11,0.795355492998003,0.98422686520922,1.19291733554561,"Si"
2021-10-12,0.656403869295018,0.829096957831002,1.02165241794352,"Si"
2021-10-13,0.66599915446682,0.841216663575587,1.03658689160401,"Si"
2021-10-14,0.630816766536181,0.80336812052296,0.99646459832577,"Si"
2021-10-15,0.617213050229185,0.79027720059028,0.984404774875773,"Si"
2021-10-16,0.65558922518902,0.836381042981419,1.03885496195301,"Si"
2021-10-17,0.653104438232186,0.836232394871702,1.0416486288642,"Si"
2021-10-18,0.607142314109048,0.786679090912485,0.989116688338463,"Si"
2021-10-19,0.847443622806961,1.06094304575334,1.29806650965052,"Si"
2021-10-20,0.993466087254049,1.2250907715859,1.48062236441091,"Si"
2021-10-21,1.04083384562103,1.2765007940594,1.53585766871336,"Si"
2021-10-22,1.23914094330289,1.49215066632361,1.76831546368108,"Si"
2021-10-23,1.2804169429146,1.53141994714604,1.80455563270979,"Si"
2021-10-24,1.33985428270215,1.5887414261626,1.85851784608135,"Si"
2021-10-25,1.32785215943165,1.56707217560131,1.82581262963597,"Si"
2021-10-26,1.21941619700851,1.44075267932257,1.68027526131087,"Si"
2021-10-27,1.10280133314879,1.30685181127284,1.52796674804788,"Si"
2021-10-28,1.05519399680684,1.24967650819436,1.46036519019075,"Si"
2021-10-29,0.966071890026025,1.14841987422965,1.34629884713731,"Si"
2021-10-30,0.965607760474737,1.1449760397798,1.33939882741404,"Si"
2021-10-31,0.962385488935555,1.13907774090412,1.3304414466509,"Si"
2021-11-01,1.00359024647979,1.18175920901192,1.37427162851778,"Si"
2021-11-02,0.993298125042879,1.16837707140323,1.35745762604019,"Si"
2021-11-03,1.01005980395217,1.18439424048468,1.37240318437038,"Si"
2021-11-04,1.01153051695054,1.18376920977218,1.36934992185017,"Si"
2021-11-05,0.942138284790754,1.10644858210739,1.28377138851226,"Si"
2021-11-06,0.905235075404022,1.06479200923326,1.23710920768446,"Si"
2021-11-07,0.855764567042143,1.00993535489014,1.17668653351385,"Si"
2021-11-08,0.934413727165124,1.09459595634021,1.26726372483489,"Si"
2021-11-09,0.960654241780395,1.12208307444257,1.29586468726211,"Si"
2021-11-10,0.95339461369799,1.11308337019879,1.28495502988862,"Si"
2021-11-11,0.9571557421618,1.11593672272424,1.28672372692313,"Si"
2021-11-12,1.05273033451066,1.21764507879729,1.39438413178712,"Si"
2021-11-13,1.09123540362117,1.2570429297349,1.43440575322896,"Si"
2021-11-14,1.1150015922104,1.28002355155578,1.45626749090546,"Si"
2021-11-15,1.02444317897878,1.18010197504322,1.3466087930313,"Si"
2021-11-16,1.0887445931971,1.24666936879422,1.41513349210989,"Si"
2021-11-17,1.22643777039812,1.39100863254055,1.56578980667553,"Si"
2021-11-18,1.27166929616661,1.43546701026024,1.60904353522173,"Si"
2021-11-19,1.29138473851929,1.45211627308956,1.62213863002815,"Si"
2021-11-20,1.28669493877834,1.44258536514898,1.60726056787855,"Si"
2021-11-21,1.32231251580707,1.47567716280206,1.63733494598605,"Si"
2021-11-22,1.38496304484638,1.53700416747236,1.69684956426502,"Si"
2021-11-23,1.30694181866309,1.44979812640168,1.59995718800494,"Si"
2021-11-24,1.17593039073472,1.30732690648953,1.44558210181527,"Si"
2021-11-25,1.14959243393687,1.2761618201571,1.4092459554115,"Si"
2021-11-26,1.14943661579758,1.27313579364085,1.40306561785054,"Si"
2021-11-27,1.16904493261112,1.29116005152222,1.41925419668916,"Si"
2021-11-28,1.15107892571145,1.26976422761751,1.39418916853033,"Si"
2021-11-29,1.15420176690137,1.27069160740038,1.39270135917277,"Si"
2021-11-30,1.17503087285306,1.29026107489345,1.41080381349256,"Si"
2021-12-01,1.25339486222233,1.36995040255926,1.49161369397726,"Si"
2021-12-02,1.22489607385038,1.33750551486905,1.45499606055719,"Si"
2021-12-03,1.19853284576428,1.30738246349733,1.42089544606029,"Si"
2021-12-04,1.18556125562897,1.29143849448782,1.40177934347868,"Si"
2021-12-05,1.19754376920462,1.30169014065687,1.4101168789548,"Si"
2021-12-06,1.16302009944382,1.26351610697322,1.36811707270234,"Si"
2021-12-07,1.16450673868822,1.26308249360656,1.36560607121187,"Si"
2021-12-08,1.09624377096378,1.19011678019336,1.28779109078263,"Si"
2021-12-09,1.07665221130194,1.16819318190763,1.26341576702135,"Si"
2021-12-10,1.08879678714455,1.17954205593224,1.27386770268303,"Si"
2021-12-11,1.07949660111305,1.16863625318523,1.26126173790009,"Si"
2021-12-12,1.07319268420009,1.16093616690298,1.25207829517834,"Si"
2021-12-13,1.05270279067785,1.13856018125625,1.22773532959552,"Si"
2021-12-14,1.08599020525627,1.17220203731117,1.26165988644139,"Si"
2021-12-15,1.10129251716675,1.18707420529266,1.27602719595049,"Si"
2021-12-16,1.08836116846241,1.17257206780531,1.25987626467524,"Si"
2021-12-17,1.11261436188263,1.19668209275905,1.28376801910176,"Si"
2021-12-18,1.08978473201507,1.17189687162782,1.25694903723955,"Si"
2021-12-19,1.08167884686624,1.16244915545367,1.24608642761276,"Si"
2021-12-20,1.11299254395006,1.19390554326093,1.2776173308806,"Si"
2021-12-21,1.16248570634777,1.24406716309432,1.32837598968968,"Si"
2021-12-22,1.15625901657834,1.23638517888357,1.31915755741654,"Si"
2021-12-23,1.17401619078288,1.25345991313791,1.33546762258809,"Si"
2021-12-24,1.23800252696301,1.31817080882947,1.40081857467363,"Si"
2021-12-25,1.41415011443107,1.49806648119134,1.58436740646826,"Si"
2021-12-26,1.61569032830936,1.70287716557965,1.79232283182159,"Si"
2021-12-27,1.90740025328245,1.99851939581715,2.09173469355446,"Si"
2021-12-28,2.03156997510064,2.1207919671531,2.21190444990784,"Si"
2021-12-29,2.10256274215379,2.18786610044336,2.27484192336166,"Si"
2021-12-30,2.02634273965051,2.10459977179678,2.1843187220202,"Si"
2021-12-31,2.03553084106254,2.10883903965013,2.18342594958304,"Si"
2022-01-01,1.9641285602692,2.03143272494688,2.09985486596535,"Si"
2022-01-02,1.93668477861017,1.99929623952593,2.06288986019244,"Si"
2022-01-03,1.87792501713023,1.93579942939714,1.9945399101493,"Si"
2022-01-04,1.82936432893661,1.88313406536487,1.93767176233411,"Si"
2022-01-05,1.80614191618802,1.85657341485904,1.90768966210878,"Si"
2022-01-06,1.71725287458412,1.76376781346003,1.81089568054512,"Si"
2022-01-07,1.62340580000952,1.66635370829742,1.70985452320155,"Si"
2022-01-08,1.58366804198392,1.62413973319532,1.66511495652475,"Si"
2022-01-09,1.47758500896627,1.51501312658196,1.552902859942,"Si"
2022-01-10,1.4131315308843,1.44835426474626,1.48400454968475,"Si"
2022-01-11,1.35207905487985,1.38538061377214,1.41908167120574,"Si"
2022-01-12,1.31298667205521,1.34483531103122,1.37706029841571,"Si"
2022-01-13,1.31355887736417,1.34457213277819,1.37594221156584,"Si"
2022-01-14,1.29401805967873,1.32403125684154,1.35438375267847,"Si"
2022-01-15,1.28806542073908,1.31730351237799,1.34686517151226,"Si"
2022-01-16,1.29285779966707,1.32148495702351,1.35042123694084,"Si"
2022-01-17,1.31222570232991,1.340418733698,1.36890725463236,"Si"
2022-01-18,1.29905058271707,1.32645944992279,1.35415048441067,"Si"
2022-01-19,1.28094849407458,1.3075508754494,1.3344228640874,"Si"
2022-01-20,1.25039177219816,1.27610219231647,1.30207062389122,"Si"
2022-01-21,1.20565873201689,1.23039178940233,1.25537247966033,"Si"
2022-01-22,1.14095280343115,1.16457868227417,1.188443311234,"Si"
2022-01-23,1.07984864223358,1.10249473938875,1.12537257706826,"Si"
2022-01-24,1.01876420714084,1.04051888337827,1.06250019463281,"Si"
2022-01-25,0.982169050441124,1.00337896640891,1.02481230903843,"Si"
2022-01-26,0.926461332423736,0.946984560296909,0.967729499019124,"Si"
2022-01-27,0.872386470371728,0.892302221437696,0.912439619160904,"Si"
2022-01-28,0.838347625288778,0.857946445260343,0.877768567916732,"Si"
2022-01-29,0.800352615390246,0.819639242791986,0.839152300287983,"Si"
2022-01-30,0.764239884495038,0.783281241007921,0.802553640443255,"Si"
2022-01-31,0.732847991085688,0.751744189914676,0.770877566689272,"Si"
2022-02-01,0.685735217393944,0.70431308914696,0.723135807077406,"Si"
2022-02-02,0.652621524189151,0.671103102251513,0.68983913512899,"Si"
2022-02-03,0.645299503458104,0.664095654124163,0.683157875257819,"Si"
2022-02-04,0.626416168928955,0.645396050905556,0.664655246898612,"Si"
2022-02-05,0.612177543602119,0.631443549713219,0.651003878182985,"Si"
2022-02-06,0.607067728040466,0.626798827367433,0.64684107091112,"Si"
2022-02-07,0.58670383273378,0.60667770395132,0.626981239379022,"Si"
2022-02-08,0.577087661118755,0.597514844780302,0.61829233815828,"Si"
2022-02-09,0.571147320414771,0.592127603004578,0.61348102064708,"Si"
2022-02-10,0.569023425667888,0.590662745764855,0.612700239271053,"Si"
2022-02-11,0.559908221529497,0.58210421719251,0.604725619047741,"Si"
2022-02-12,0.581622944171753,0.605026215371022,0.628884638272823,"Si"
2022-02-13,0.597257580738609,0.621781286763955,0.646791489676095,"Si"
2022-02-14,0.585723116700247,0.610820071105539,0.636436111524078,"Si"
2022-02-15,0.593148045344968,0.619242199464991,0.645890175262282,"Si"
2022-02-16,0.612832485469115,0.640223309724377,0.668204560620498,"Si"
2022-02-17,0.631547987044256,0.66023343594708,0.689547030961018,"Si"
2022-02-18,0.660456116536373,0.690675063425944,0.721560491163297,"Si"
2022-02-19,0.656976725750869,0.687972732859525,0.719673161662406,"Si"
2022-02-20,0.681559895629977,0.713989032418702,0.747161279197017,"Si"
2022-02-21,0.685678640425114,0.719042456694255,0.753187701624356,"Si"
2022-02-22,0.693301867224774,0.727675880760817,0.762869871530173,"Si"
2022-02-23,0.692056873851996,0.727213899613674,0.763229718270181,"Si"
2022-02-24,0.682895835743029,0.718631084908329,0.755264843954511,"Si"
2022-02-25,0.678717789871509,0.715170956353041,0.752564223414375,"Si"
2022-02-26,0.684999576977771,0.722472212568618,0.760928681805769,"Si"
2022-02-27,0.675807913916269,0.713890299891968,0.753001797417564,"Si"
2022-02-28,0.670719722940525,0.709544405177428,0.749446023857931,"Si"
2022-03-01,0.683170493181285,0.723272621315725,0.764502336675191,"Si"
2022-03-02,0.702031207536439,0.743617170644935,0.786382826826808,"Si"
2022-03-03,0.731147681621019,0.774515324550145,0.81911477296708,"Si"
2022-03-04,0.752318288341132,0.797198097089915,0.843359777522907,"Si"
2022-03-05,0.786975912532146,0.833716480625668,0.881786357154425,"Si"
2022-03-06,0.830596804433167,0.879373814979753,0.929522904852921,"Si"
2022-03-07,0.889831291625673,0.940956080670819,0.993488734943522,"Si"
2022-03-08,0.931034972668767,0.983793260434896,1.03798501147751,"Si"
2022-03-09,0.957585994195744,1.01137647543228,1.06661608842331,"Si"
2022-03-10,0.978233687314006,1.03273481493308,1.08869254037129,"Si"
2022-03-11,1.0132583754658,1.0687297988566,1.12565867100244,"Si"
2022-03-12,1.0087758828504,1.06400190955686,1.12067893749872,"Si"
2022-03-13,1.05924476171005,1.11562911983759,1.17345497805313,"Si"
2022-03-14,1.10207568859043,1.15923873632758,1.2178267355726,"Si"
2022-03-15,1.12524753481571,1.18250367174192,1.2411606360062,"Si"
2022-03-16,1.15157705023407,1.20886710852848,1.26752834374533,"Si"
2022-03-17,1.1523093240192,1.20888523341813,1.26679792172482,"Si"
2022-03-18,1.15074782639441,1.20650942221342,1.2635717604047,"Si"
2022-03-19,1.13967063005442,1.19438156959896,1.25035714474029,"Si"
2022-03-20,1.09708504257748,1.15002819493515,1.20420139625462,"Si"
2022-03-21,1.1046967201845,1.15716953950516,1.21084276777139,"Si"
2022-03-22,1.12565230678328,1.17798972228782,1.23149970139331,"Si"
2022-03-23,1.11023684456759,1.16157909288254,1.21406554495233,"Si"
2022-03-24,1.11020184455527,1.16093198512066,1.21277954434822,"Si"
2022-03-25,1.10321329878804,1.15319258571678,1.20426353730805,"Si"
2022-03-26,1.12047964403763,1.17027270922561,1.2211330723053,"Si"
2022-03-27,1.11279322918835,1.16183171745174,1.21191273990832,"Si"
2022-03-28,1.09039893632008,1.13838017488058,1.18738000909926,"Si"
2022-03-29,1.05850960654732,1.10528196038385,1.15305130013465,"Si"
2022-03-30,1.03430632323702,1.08012202286628,1.12691667517455,"Si"
2022-03-31,1.00649046146412,1.05135204042596,1.09717803246172,"Si"
2022-04-01,0.975487433380124,1.01940882048335,1.06428378958505,"Si"
2022-04-02,0.958236101894383,1.00161382897111,1.04593830998033,"Si"
2022-04-03,0.939912276930462,0.982793572981622,1.02661795100997,"Si"
2022-04-04,0.938640721554256,0.981475226192215,1.02525202506612,"Si"
2022-04-05,0.94133362466454,0.984246061234274,1.0281015404357,"Si"
2022-04-06,0.980755853472003,1.024580156112,1.06934888712029,"Si"
2022-04-07,1.01765891314035,1.06226557203224,1.10781559148632,"Si"
2022-04-08,1.02513716121573,1.0697914061691,1.11538425448204,"Si"
2022-04-09,1.00789633065116,1.05201103947383,1.0970573816304,"Si"
2022-04-10,1.01149752287612,1.0555260619484,1.10047940338902,"Si"
2022-04-11,0.988106792405199,1.03146010374062,1.07573113933297,"Si"
2022-04-12,0.97316705982534,1.01606300800366,1.05987112136381,"Si"
2022-04-13,0.939494823624656,0.981560100710366,1.02453368739566,"Si"
2022-04-14,0.905935095966287,0.94723382504951,0.9894401339691,"Si"
2022-04-15,0.876096116871985,0.916786146692434,0.958386825647172,"Si"
2022-04-16,0.869130461861374,0.909818288426985,0.951423797707266,"Si"
2022-04-17,0.872936569854689,0.913926996999576,0.955844682098539,"Si"
2022-04-18,0.848685487506373,0.889345103855614,0.930942706955045,"Si"
2022-04-19,0.881759845362433,0.923489684794028,0.966170749637317,"Si"
2022-04-20,0.912408288186909,0.955122140497722,0.99879937097963,"Si"
2022-04-21,0.930942113059834,0.974297214838077,1.01862519325231,"Si"
2022-04-22,0.95721629092066,1.00132820674076,1.04641984955107,"Si"
2022-04-23,0.952050362631885,0.996124815314639,1.04118253760822,"Si"
2022-04-24,0.979696578372569,1.02445158666739,1.07019214792764,"Si"
2022-04-25,0.996992764363864,1.04212493997753,1.08824216178019,"Si"
2022-04-26,0.956814257763449,1.00096665927359,1.04610096985396,"Si"
2022-04-27,0.91139545556778,0.954467240492999,0.998519493094511,"Si"
2022-04-28,0.888464428004078,0.931054378612603,0.974627401175084,"Si"
2022-04-29,0.902256375239786,0.945309059257259,0.989351043475287,"Si"
2022-04-30,0.915343963369201,0.9588596018065,1.0033715659324,"Si"
2022-05-01,0.867593838783079,0.910113706907335,0.953636461373714,"Si"
2022-05-02,0.853374911943576,0.89576388677916,0.939165863373254,"Si"
2022-05-03,0.844219399417743,0.886655649197315,0.930117875289626,"Si"
2022-05-04,0.846074148469145,0.88887572129339,0.932718560425434,"Si"
2022-05-05,0.862744572857745,0.906305689251506,0.950924565426168,"Si"
2022-05-06,0.85526813745709,0.898971640744305,0.943748819976063,"Si"
2022-05-07,0.859369210802236,0.903514011094548,0.948748909161165,"Si"
2022-05-08,0.860343199488395,0.904848107511431,0.950459522643512,"Si"
2022-05-09,0.868493483385879,0.913540965118911,0.959711383426559,"Si"
2022-05-10,0.884241629581449,0.930013483354674,0.97692408833175,"Si"
2022-05-11,0.87508553893307,0.920909317125268,0.967886037165207,"Si"
2022-05-12,0.860086693729948,0.905804925389767,0.952690359533415,"Si"
2022-05-13,0.855198188363697,0.901096803574348,0.948178279423796,"Si"
2022-05-14,0.83469035274452,0.880368855100424,0.927247070847737,"Si"
2022-05-15,0.827582062143815,0.873441517292363,0.920520189621391,"Si"
2022-05-16,0.790661211202243,0.835902286443267,0.882384243634289,"Si"
2022-05-17,0.727642624261164,0.771539468053705,0.81670382319428,"Si"
2022-05-18,0.70683904236995,0.750730915038727,0.795926197639596,"Si"
2022-05-19,0.673242368043903,0.716816283627196,0.761737195650944,"Si"
2022-05-20,0.652946846367535,0.696710689621083,0.741873984084595,"Si"
2022-05-21,0.651537034961725,0.696211811574876,0.742346979193272,"Si"
2022-05-22,0.648074486898398,0.693666517738479,0.740786347021801,"Si"
2022-05-23,0.661164121395755,0.708315697440664,0.757068289499904,"Si"
2022-05-24,0.672228186181338,0.72090809940998,0.771265530790974,"Si"
2022-05-25,0.657168952369533,0.706444110960579,0.757475299610888,"Si"
2022-05-26,0.665928618000064,0.716711510519743,0.7693338860943,"Si"
2022-05-27,0.688427211289546,0.741267264550407,0.796033310100967,"Si"
2022-05-28,0.687555036848232,0.741554754291527,0.797566773682738,"Si"
2022-05-29,0.679171574649623,0.734029632692681,0.790987880387603,"Si"
2022-05-30,0.647642182442849,0.702417233482936,0.759384105600491,"Si"
2022-05-31,0.667053498812334,0.723919908802526,0.783079229767853,"Si"
2022-06-01,0.676826160211527,0.735417395784599,0.79640610638903,"Si"
2022-06-02,0.679058972867059,0.739063932177728,0.801573064951883,"Si"
2022-06-03,0.720618556701892,0.783756619793499,0.849508215843612,"Si"
2022-06-04,0.754669073879128,0.820543978957251,0.889135957081123,"Si"
2022-06-05,0.780817465194621,0.848974857862966,0.919943466946243,"Si"
2022-06-06,0.852506036340173,0.924734214143733,0.999857468241498,"Si"
2022-06-07,0.894718933115075,0.969479898106399,1.04719783366267,"Si"
2022-06-08,0.928285297190733,1.0049386449919,1.08458954478845,"Si"
2022-06-09,1.00694418601036,1.0870049329148,1.17008459864874,"Si"
2022-06-10,0.983142504749466,1.06217419747867,1.14421766587345,"Si"
2022-06-11,1.04358487828775,1.12475061348388,1.20891270048803,"Si"
2022-06-12,1.11318434717942,1.19647906858264,1.28273625301453,"Si"
2022-06-13,1.18931269893458,1.27450513979171,1.36260262710169,"Si"
2022-06-14,1.27767185256556,1.3646242100089,1.45439841535806,"Si"
2022-06-15,1.3510582036926,1.43863873707245,1.52893073988866,"Si"
2022-06-16,1.39730924490148,1.48411818074177,1.57350618840837,"Si"
2022-06-17,1.419839887322,1.50480496378218,1.59220418696681,"Si"
2022-06-18,1.37093238644281,1.45182409890072,1.53500179183161,"Si"
2022-06-19,1.39191473301277,1.47091612528718,1.55206737129749,"Si"
2022-06-20,1.44060636364226,1.51845871392581,1.59833092376054,"Si"
2022-06-21,1.43989980132385,1.51517091083378,1.59233270623893,"Si"
2022-06-22,1.45437371789042,1.52748050317373,1.60235478276653,"Si"
2022-06-23,1.43241706501703,1.50249167832481,1.57421618158403,"Si"
2022-06-24,1.41726634229808,1.48462434611292,1.55352413816768,"Si"
2022-06-25,1.44122836419552,1.50691225350894,1.57403924138806,"Si"
2022-06-26,1.45510753472174,1.51890415950275,1.58405030212259,"Si"
2022-06-27,1.40674417460579,1.46735775061112,1.52923188614697,"Si"
2022-06-28,1.4005476003771,1.45907244948831,1.51877842876327,"Si"
2022-06-29,1.37083502090926,1.42691962573221,1.48411290262704,"Si"
2022-06-30,1.37438056537441,1.42885322151786,1.48436969177546,"Si"
2022-07-01,1.35659123766343,1.40912148402539,1.46263559930104,"Si"
2022-07-02,1.34999665428609,1.40090868781146,1.45274988196335,"Si"
2022-07-03,1.27626617216379,1.32440629547867,1.3734251464448,"Si"
2022-07-04,1.29185810529306,1.33908719356322,1.38715233345674,"Si"
2022-07-05,1.27266085527293,1.31841218890223,1.36496014730914,"Si"
2022-07-06,1.27892024175074,1.32372985217492,1.36930023157279,"Si"
2022-07-07,1.23306563480166,1.27607489369932,1.31981113722815,"Si"
2022-07-08,1.20442368643304,1.24605026563135,1.28837414178803,"Si"
2022-07-09,1.22403484620235,1.26520057863632,1.30703763561442,"Si"
2022-07-10,1.22481376665209,1.26521840495146,1.30626956717169,"Si"
2022-07-11,1.24588345830873,1.28587082545963,1.32648099697825,"Si"
2022-07-12,1.245291081674,1.28449679037448,1.32430165857749,"Si"
2022-07-13,1.22683657337879,1.26499284572092,1.30372527626378,"Si"
2022-07-14,1.20073593790211,1.2377718844151,1.27536252188465,"Si"
2022-07-15,1.17132775343891,1.20726145363147,1.24373047310726,"Si"
2022-07-16,1.12627825128975,1.16095052534913,1.19614110205705,"Si"
2022-07-17,1.09021091161187,1.12385814859297,1.15800962404911,"Si"
2022-07-18,1.04093296418105,1.0734436433054,1.10644726671093,"Si"
2022-07-19,0.999749262289577,1.03134822083264,1.06343195707811,"Si"
2022-07-20,0.9359067416499,0.966321784455619,0.997216385698583,"Si"
2022-07-21,0.899657702485257,0.929434895787913,0.959690123197089,"Si"
2022-07-22,0.875436614722671,0.90486168384333,0.934766341750365,"Si"
2022-07-23,0.838827143960719,0.867756883769769,0.897170225283073,"Si"
2022-07-24,0.813556690089882,0.842249530568129,0.871432673130451,"Si"
2022-07-25,0.764998527692954,0.793090057911726,0.821681029369153,"Si"
2022-07-26,0.731045171691991,0.758856176518773,0.787179100471406,"Si"
2022-07-27,0.725520019647519,0.75365649269151,0.782320735781221,"Si"
2022-07-28,0.724027767585722,0.752622115784035,0.781762483605042,"Si"
2022-07-29,0.705786571663942,0.734540930715427,0.763861361572145,"Si"
2022-07-30,0.699832048270679,0.729031010786521,0.75881836930484,"Si"
2022-07-31,0.704696009500198,0.734601292561478,0.765119308112838,"Si"
2022-08-01,0.711195860451257,0.741868486667534,0.773179586269601,"Si"
2022-08-02,0.727214832510605,0.75887665466404,0.791203676573432,"Si"
2022-08-03,0.740554615233315,0.773149473327597,0.806436454210447,"Si"
2022-08-04,0.741331821970174,0.774574862034181,0.808536780108163,"Si"
2022-08-05,0.771906110608921,0.806458989997435,0.841757780697185,"Si"
2022-08-06,0.774210193139141,0.809412058752975,0.845385549193882,"Si"
2022-08-07,0.783861153468662,0.819859443594415,0.856654556327452,"Si"
2022-08-08,0.786398072701279,0.823011599209688,0.860446504349403,"Si"
2022-08-09,0.779557157328345,0.816554472727638,0.854397465066027,"Si"
2022-08-10,0.762974085717266,0.800121042533311,0.838138540066933,"Si"
2022-08-11,0.767317273650542,0.805139955510743,0.84385976491991,"Si"
2022-08-12,0.764173483559925,0.802501151648112,0.841753464597625,"Si"
2022-08-13,0.724528234809104,0.762442065356961,0.801309182985923,"Si"
2022-08-14,0.745835117693243,0.784957930174968,0.825066737027127,"Si"
2022-08-15,0.715721404977425,0.754714524611482,0.794727321011302,"Si"
2022-08-16,0.746826965034314,0.787379517929616,0.828989095366785,"Si"
2022-08-17,0.77259408510565,0.814561262793846,0.857622730898703,"Si"
2022-08-18,0.795402624568816,0.838672661673372,0.883072585898804,"Si"
2022-08-19,0.825865066938369,0.870594079215556,0.916486058941229,"Si"
2022-08-20,0.874805135633276,0.92140469844421,0.969196431062045,"Si"
2022-08-21,0.862098852234574,0.908807430405851,0.956730879349794,"Si"
2022-08-22,0.937098896160845,0.986186855981564,1.03651029907278,"Si"
2022-08-23,0.912297626554624,0.960980864022872,1.01091173820887,"Si"
2022-08-24,0.91793154061698,0.966967867170518,1.0172621899063,"Si"
2022-08-25,0.941824293938238,0.991658743121343,1.04275982338491,"Si"
2022-08-26,0.947118025787059,0.997197492576411,1.0485489496638,"Si"
2022-08-27,0.974447278408779,1.02529980626606,1.07742754078126,"Si"
2022-08-28,0.988440628331633,1.03964061919885,1.09211524156641,"Si"
2022-08-29,0.955438604275082,1.00571229191856,1.05725685034777,"Si"
2022-08-30,0.948596561772266,0.998649214578226,1.04997058357043,"Si"
2022-08-31,0.960967698213534,1.01132327970505,1.06294667354279,"Si"
2022-09-01,0.948094078830912,0.998085383492465,1.04934298951963,"Si"
2022-09-02,0.928832208080948,0.978309712336743,1.02905301359012,"Si"
2022-09-03,0.909942738007071,0.958956428233817,1.00923771485594,"Si"
2022-09-04,0.888472311665688,0.937003275912008,0.986806555075127,"Si"
2022-09-05,0.888317778910684,0.937004005449339,0.986970809258179,"Si"
2022-09-06,0.87208946705127,0.920526869806574,0.970254921441539,"Si"
2022-09-07,0.868635718851052,0.917219455973578,0.967106569290531,"Si"
2022-09-08,0.860012496995168,0.908629415977733,0.95856419656936,"Si"
2022-09-09,0.872081775515275,0.921341686728844,0.971935854067474,"Si"
2022-09-10,0.887539722937922,0.937533569928188,0.988877894655797,"Si"
2022-09-11,0.897177476521037,0.947714204427516,0.999616074847817,"Si"
2022-09-12,0.883043873585732,0.933427134013424,0.985188490615476,"Si"
2022-09-13,0.926807796824445,0.978665426306857,1.03191479120599,"Si"
2022-09-14,0.953815590114201,1.00658919447881,1.06076374452424,"Si"
2022-09-15,0.986306842253181,1.04004168995846,1.09518171314677,"Si"
2022-09-16,1.01685390827088,1.07136970684054,1.12728896391522,"Si"
2022-09-17,1.04419089534046,1.0992683860395,1.15574148678928,"Si"
2022-09-18,1.07382639597698,1.12939326009532,1.1863421118768,"Si"
2022-09-19,1.15075583621825,1.20784571539275,1.26629826951723,"Si"
2022-09-20,1.2083517452287,1.26619257560676,1.32536662452929,"Si"
2022-09-21,1.2224665919692,1.27977464430698,1.33837697937573,"Si"
2022-09-22,1.23231174775877,1.288859831982,1.34665863588416,"Si"
2022-09-23,1.26641891584267,1.32266941166796,1.38012503196609,"Si"
2022-09-24,1.32676786546279,1.38314898862826,1.44068685531602,"Si"
2022-09-25,1.38286886733296,1.43906696692933,1.49636869148694,"Si"
2022-09-26,1.44230835347182,1.49815775824041,1.55505319833161,"Si"
2022-09-27,1.45642864589269,1.51085706637125,1.56626999136644,"Si"
2022-09-28,1.44718805127675,1.49970603913565,1.55314697553269,"Si"
2022-09-29,1.42254371600415,1.4729215373264,1.52416370244533,"Si"
2022-09-30,1.36295167051765,1.41069806323934,1.45925496107309,"Si"
2022-10-01,1.30915644905732,1.35457511351414,1.40075744603313,"Si"
2022-10-02,1.26143484119469,1.30483495174188,1.34895884105231,"Si"
2022-10-03,1.24648372126716,1.28860447129266,1.33141534328658,"Si"
2022-10-04,1.21467424022871,1.2553503243246,1.29668695564352,"Si"
2022-10-05,1.21132148374761,1.25113820543514,1.29158980331005,"Si"
2022-10-06,1.18395870569714,1.22259073993026,1.2618343180909,"Si"
2022-10-07,1.16335716458288,1.20099757032272,1.2392288888597,"Si"
2022-10-08,1.16673982123064,1.20384369996243,1.24152025750397,"Si"
2022-10-09,1.15113190447949,1.18743270306329,1.22428916389909,"Si"
2022-10-10,1.11445020617947,1.14966556026153,1.18542103820091,"Si"
2022-10-11,1.07811850452656,1.11232942272461,1.14706723621623,"Si"
2022-10-12,1.02675986891022,1.05980965614027,1.09337566001834,"Si"
2022-10-13,0.969294333477801,1.00117739043673,1.03356916510958,"Si"
2022-10-14,0.942301688420584,0.973621310290928,1.00544580494233,"Si"
2022-10-15,0.891599604648195,0.922038592944533,0.95298135594613,"Si"
2022-10-16,0.846673940558287,0.876408421582943,0.906648891404225,"Si"
2022-10-17,0.801151137121457,0.830244076489152,0.859848629209668,"Si"
2022-10-18,0.761631333624247,0.790261896794722,0.819413322979451,"Si"
2022-10-19,0.734052626663398,0.762514590786207,0.791510330773429,"Si"
2022-10-20,0.750476147585949,0.77969178828217,0.809457497948086,"Si"
2022-10-21,0.733241959002261,0.762590383812342,0.792506630405286,"Si"
2022-10-22,0.704621484098253,0.733898325854575,0.763762735514947,"Si"
2022-10-23,0.694155256356866,0.723775118420584,0.754005130722503,"Si"
2022-10-24,0.652171971873895,0.681483739738511,0.711430789576398,"Si"
2022-10-25,0.641447557092661,0.671191028922494,0.701599107818474,"Si"
2022-10-26,0.625791578507643,0.655903093969562,0.68671221241784,"Si"
2022-10-27,0.600600161722995,0.630886557687267,0.661907458440635,"Si"
2022-10-28,0.590763541724777,0.62165642187045,0.653325539055625,"Si"
2022-10-29,0.574456639283501,0.60583514625111,0.638036289716916,"Si"
2022-10-30,0.55934332830527,0.591283378929024,0.624097753282234,"Si"
2022-10-31,0.569373286363296,0.602652875067891,0.636864334679271,"Si"
2022-11-01,0.550205601641376,0.584016313774389,0.618820946884689,"Si"
2022-11-02,0.57823259600598,0.614069858077033,0.650969366484615,"Si"
2022-11-03,0.611400609110877,0.649475818771747,0.688684875720796,"Si"
2022-11-04,0.642402113897704,0.682661060327774,0.724126240059078,"Si"
2022-11-05,0.709234241620154,0.752756137663112,0.797555684674376,"Si"
2022-11-06,0.761856004697075,0.808089961119874,0.855666613148038,"Si"
2022-11-07,0.781693083047938,0.829504846312148,0.878715750513656,"Si"
2022-11-08,0.82881490447374,0.878906081531056,0.930446181776527,"Si"
2022-11-09,0.828446880046494,0.879236650031828,0.931516076555749,"Si"
2022-11-10,0.874268081800225,0.927058329208138,0.981374225886758,"Si"
2022-11-11,0.906128801675325,0.960352734672674,1.0161301177979,"Si"
2022-11-12,0.955516958550165,1.01153370070053,1.06912354719623,"Si"
2022-11-13,0.989599987478349,1.04676376488729,1.10550996603224,"Si"
2022-11-14,1.03423750941447,1.09265685645036,1.15265855249347,"Si"
2022-11-15,1.07605727021441,1.13543559230129,1.19638609950877,"Si"
2022-11-16,1.07999432404963,1.1390971076307,1.1997521838062,"Si"
2022-11-17,1.05649586875922,1.11448662652984,1.174004930398,"Si"
2022-11-18,1.03816926232771,1.09519704425767,1.15372810885623,"Si"
2022-11-19,0.980348230983345,1.03537398860452,1.09188102152628,"Si"
2022-11-20,0.973006040313187,1.0275553439069,1.08357141361738,"Si"
2022-11-21,0.95643337162336,1.01032925545095,1.06568158364562,"Si"
2022-11-22,0.955227469655271,1.0089702338855,1.0641630694012,"Si"
2022-11-23,0.946464178546544,0.999883070919864,1.054747749855,"Si"
2022-11-24,0.92129790722377,0.973970901396375,1.02808747536455,"Si"
2022-11-25,0.919363106990015,0.972011447642121,1.02610498692643,"Si"
2022-11-26,0.919470087992898,0.972189309255407,1.02635740519711,"Si"
2022-11-27,0.908313960584483,0.960804139230224,1.01474795396201,"Si"
2022-11-28,0.898958003332352,0.95130138177172,1.00510501205391,"Si"
2022-11-29,0.86582051003609,0.917357228534308,0.970362797028254,"Si"
2022-11-30,0.877519927136749,0.929638142262021,0.983238606872512,"Si"
2022-12-01,0.902970426192549,0.956089004116705,1.01070429061303,"Si"
2022-12-02,0.890999315136382,0.943988010867588,0.998485646268942,"Si"
2022-12-03,0.894584716733728,0.94790422792819,1.00274535870736,"Si"
2022-12-04,0.865717710320007,0.918399696352146,0.972615738474373,"Si"
2022-12-05,0.825405010022413,0.877132635699086,0.930410117748511,"Si"
2022-12-06,0.783395107554569,0.834177643184249,0.886532392272186,"Si"
2022-12-07,0.748035220047746,0.798172373325113,0.849912779301556,"Si"
2022-12-08,0.692207470384196,0.741083968734631,0.791604169051681,"Si"
2022-12-09,0.704384389012217,0.754492494747384,0.806297889643442,"Si"
2022-12-10,0.716762900488088,0.768203691041436,0.821401832260925,"Si"
2022-12-11,0.736065217678051,0.789128041565123,0.844011473151017,"Si"
2022-12-12,0.730002219818876,0.783778175472048,0.839438115992991,"Si"
2022-12-13,0.75238125533164,0.80791736933217,0.865402913121722,"Si"
2022-12-14,0.746275531408036,0.802505242491665,0.860748258955968,"Si"
2022-12-15,0.784093238177685,0.842642458209496,0.903269898368431,"Si"
2022-12-16,0.760931818374026,0.819464361929458,0.880134870155103,"Si"
2022-12-17,0.713565925506224,0.771110031625433,0.830853776317906,"Si"
2022-12-18,0.696465568679927,0.754266805960969,0.814339344719737,"Si"
2022-12-19,0.693904938360429,0.752644146016284,0.813735777721945,"Si"
2022-12-20,0.697676739135702,0.757689447565344,0.820142836207072,"Si"
2022-12-21,0.735846936362469,0.798633827901874,0.863954512485706,"Si"
2022-12-22,0.763147037374406,0.828205435819809,0.895887054472818,"Si"
2022-12-23,0.813334705023698,0.881528944381299,0.952429327592809,"Si"
2022-12-24,0.832708762736237,0.902587589457408,0.975241703999967,"Si"
2022-12-25,0.890335098600218,0.963307898780914,1.03911392252486,"Sottostima"
2022-12-26,0.874886401384123,0.947741454558724,1.02346867663205,"Sottostima"
2022-12-27,0.986627177231607,1.06435164812011,1.14498101612192,"Sottostima"
2022-12-28,1.02481522815887,1.10405100066394,1.18619525864879,"Sottostima"
2022-12-29,1.05349026337079,1.13354210810574,1.21648368042038,"Sottostima"
2022-12-30,1.04187064700012,1.12098333109712,1.20294988617031,"Sottostima"
2022-12-31,1.0769199234602,1.15673379793567,1.23936025944722,"Sottostima"
2023-01-01,1.01933919017643,1.09630507349419,1.17603231119323,"Forte sottostima"
2023-01-02,1.0366005396507,1.11358274769231,1.19328308821771,"Forte sottostima"
2023-01-03,0.894885957535566,0.965926890967504,1.03964263222419,"Forte sottostima"
2023-01-04,0.813158019218449,0.880757987133591,0.951018614703757,"Forte sottostima"
2023-01-05,0.746049147240109,0.811050753625794,0.878728641623293,"Forte sottostima"
2023-01-06,0.652594390389295,0.713994662478955,0.7781159174295,"Forte sottostima"
2023-01-07,0.519768210662845,0.575548868490731,0.634131747155933,"Forte sottostima"
